1000 30
212 7
943 7
100 2
56 6
105 9
59 5
281 1
449 5
89 3
498 0
124 1
487 5
619 6
992 7
39 8
94 5
532 2
406 2
575 5
190 6
207 3
847 3
699 4
164 2
261 1
900 5
907 3
681 0
231 3
176 4
300 2
590 2
867 5
38 0
760 2
933 5
131 8
824 7
313 1
879 1
439 6
499 8
927 5
591 2
582 3
997 2
338 6
341 9
766 5
512 1
392 1
536 0
259 3
406 0
491 9
736 1
482 9
54 6
793 7
347 3
966 8
433 4
221 7
235 4
512 9
996 7
591 7
794 2
156 4
586 6
148 5
722 6
619 8
727 3
639 7
118 0
223 2
173 5
713 1
819 5
91 9
539 5
917 9
532 7
192 7
449 3
158 7
163 4
99 7
784 3
993 8
795 7
792 9
516 3
565 2
576 0
638 0
508 1
998 1
746 6
338 9
157 8
284 7
863 4
36 7
470 9
346 4
541 2
173 7
784 9
478 1
177 9
185 4
696 1
238 9
428 9
20 1
9 0
726 9
492 0
110 0
354 8
753 6
676 1
506 3
5 2
357 8
144 1
806 1
690 8
85 7
237 0
316 5
925 1
460 5
478 2
269 7
832 4
785 3
213 5
747 5
600 9
979 1
597 2
16 8
202 5
228 6
924 3
801 3
503 2
702 4
706 9
822 7
966 5
969 7
410 4
975 1
111 5
154 3
70 1
915 7
168 6
330 9
24 6
849 4
635 4
852 9
851 2
821 6
112 2
224 0
245 3
400 7
561 0
521 3
199 5
233 3
322 9
322 0
643 8
725 3
732 4
70 9
595 0
282 8
733 5
188 8
899 9
463 8
247 5
379 9
113 4
277 1
247 4
649 8
931 7
981 2
502 8
281 7
238 4
156 5
810 6
633 6
311 3
479 4
528 4
809 0
502 7
218 2
214 9
680 1
351 4
921 9
544 9
338 0
618 7
619 7
420 8
120 4
846 6
822 8
993 2
329 4
952 9
727 7
673 0
538 3
790 0
207 3
743 6
126 3
54 4
801 8
843 0
644 6
674 7
403 6
112 8
128 1
93 4
16 6
229 6
333 5
171 3
982 3
611 7
700 1
479 4
800 5
425 5
623 9
270 0
32 9
625 9
190 9
904 0
294 2
646 4
123 4
137 2
646 5
51 2
70 9
71 2
129 6
23 6
696 5
828 0
357 1
597 4
961 2
125 0
482 5
437 4
535 9
344 3
384 2
863 0
866 0
973 0
829 4
800 5
941 2
387 7
461 5
138 9
825 7
250 4
402 0
774 5
503 6
682 1
298 6
221 4
717 7
229 3
210 5
602 5
440 5
74 1
140 7
947 9
842 4
551 6
960 4
693 8
238 4
586 1
722 6
248 2
76 9
993 7
319 7
727 3
101 6
963 8
957 5
402 7
711 6
303 8
93 5
522 2
38 3
106 7
919 4
831 7
328 7
107 2
731 2
666 0
676 2
577 2
493 8
874 6
29 8
456 0
350 3
202 5
379 7
690 9
687 9
398 6
862 1
494 1
483 1
46 4
29 2
215 8
963 2
765 1
520 4
748 1
975 8
435 9
574 5
856 9
527 7
360 7
833 9
402 3
374 6
163 8
761 9
995 0
139 3
569 1
967 5
402 2
200 2
690 0
741 5
604 9
308 0
962 2
893 4
27 0
853 4
792 8
294 8
349 0
807 3
832 2
3 7
29 0
339 1
526 5
218 3
572 8
90 2
554 7
1 7
201 6
314 5
268 5
728 5
933 3
936 6
249 4
687 3
906 5
19 9
945 7
961 4
835 5
876 9
734 0
331 6
9 0
138 1
918 4
464 5
276 7
197 2
608 5
94 1
164 7
344 9
692 0
762 4
688 8
677 7
639 7
840 8
982 3
669 1
262 5
451 4
110 5
681 1
564 7
869 2
415 7
775 0
696 3
942 9
334 7
491 0
809 7
870 4
921 3
228 3
867 9
908 6
267 9
868 1
361 5
872 9
963 3
342 9
12 8
194 6
357 7
815 5
14 3
608 4
636 1
261 2
520 5
429 4
795 1
748 7
482 7
604 7
825 5
120 4
362 9
475 0
111 5
949 1
126 3
643 9
316 4
547 1
318 6
418 4
949 8
138 8
75 4
148 5
98 0
734 4
246 1
42 7
717 1
148 9
610 2
345 4
473 8
453 0
210 4
436 2
133 7
478 4
797 5
21 6
449 3
66 0
611 1
653 1
421 8
448 1
465 4
789 6
523 6
419 2
968 1
388 6
623 5
328 5
699 5
900 1
142 4
472 2
198 2
835 2
194 3
596 3
987 2
745 6
927 7
966 1
161 7
717 3
960 4
441 0
852 1
435 8
944 3
11 0
23 5
486 2
852 1
32 6
532 0
671 3
775 6
599 9
581 7
974 3
742 1
298 7
836 7
437 0
880 7
416 6
271 7
612 3
306 7
254 0
760 0
786 9
732 1
312 1
525 5
289 1
336 6
262 8
230 6
406 1
688 9
769 8
609 9
69 0
77 2
600 8
537 9
587 6
365 3
59 7
433 2
541 3
435 2
339 6
478 7
167 6
316 1
344 7
295 9
324 7
32 2
84 3
927 4
613 3
73 5
503 8
634 6
671 4
421 4
371 3
654 4
555 3
34 9
541 3
596 7
380 3
39 3
703 1
191 2
423 0
649 9
534 8
239 3
975 6
475 9
373 8
607 9
82 5
720 7
289 9
888 2
797 2
204 1
826 3
965 5
221 2
992 3
694 7
923 6
95 7
11 8
911 6
417 5
778 0
238 1
434 4
928 4
115 4
145 2
687 1
473 6
678 9
708 1
884 2
283 3
647 0
654 5
927 9
312 1
863 7
338 7
75 8
82 7
273 5
251 2
564 6
974 9
259 3
215 9
955 2
615 5
775 8
482 3
785 3
555 1
112 0
388 9
782 7
586 8
876 9
895 3
988 0
805 9
82 6
296 5
777 3
175 6
86 8
989 2
351 7
992 9
951 1
158 5
282 9
190 5
761 3
75 0
350 2
548 7
60 5
293 1
76 9
343 7
836 7
897 9
715 3
491 1
933 9
424 8
853 2
693 0
490 7
815 4
283 1
266 8
251 2
147 8
411 8
823 9
785 4
712 5
92 2
835 3
879 9
93 3
814 6
908 8
811 2
614 3
161 9
468 6
504 0
729 4
230 6
759 0
171 4
73 4
540 1
997 2
907 4
525 3
54 9
31 5
317 3
33 2
272 4
812 8
935 0
5 0
477 3
153 2
142 0
183 3
614 4
264 6
203 3
424 7
410 0
635 5
19 1
171 8
611 5
772 6
636 2
511 5
178 9
803 5
277 2
237 0
726 6
947 8
76 4
5 9
66 0
436 8
387 4
22 3
175 2
621 5
273 5
727 3
947 7
449 2
527 8
451 1
848 6
866 3
217 3
810 2
545 8
612 5
787 6
130 7
933 4
385 0
669 6
733 2
936 5
907 3
954 7
412 2
630 3
998 7
543 6
92 8
453 4
46 4
890 1
600 2
616 6
312 0
476 4
449 2
893 6
415 6
405 4
251 7
419 4
921 4
662 3
224 2
399 5
557 2
599 2
331 7
957 6
712 2
444 3
726 1
867 7
863 8
252 4
454 9
161 2
20 4
251 1
622 2
456 0
633 9
880 1
602 6
311 6
699 7
767 9
342 0
680 7
601 8
505 3
13 9
70 5
93 3
272 8
511 8
997 4
816 3
742 7
309 6
193 2
587 6
733 6
203 1
914 9
799 5
528 7
738 1
33 6
879 2
99 2
326 4
140 8
784 3
160 9
298 9
421 9
672 2
736 4
231 4
381 9
426 2
49 9
297 2
727 6
363 0
894 0
574 9
936 1
459 8
884 9
23 9
678 8
97 6
83 4
394 6
436 4
913 1
833 0
412 1
574 5
572 4
581 2
10 4
351 7
304 6
952 3
514 4
885 4
615 1
893 6
157 2
290 7
637 4
98 3
98 9
712 3
286 3
328 5
388 4
883 6
249 3
191 7
666 0
964 4
303 3
416 2
253 8
384 3
184 8
585 5
310 9
640 4
897 6
84 1
149 3
67 1
269 2
445 8
39 5
75 5
449 6
81 7
487 4
58 4
955 9
362 5
868 2
378 2
702 7
883 0
980 7
285 9
309 2
987 0
432 5
302 6
762 0
145 6
885 9
911 4
582 6
216 1
974 5
291 9
826 1
110 2
622 0
589 6
377 1
410 2
465 0
973 3
684 6
785 8
142 7
395 7
878 4
441 3
574 1
987 7
962 0
220 2
459 0
53 7
422 4
269 7
509 6
978 5
701 8
477 2
731 4
838 0
766 3
368 1
607 2
82 2
127 6
268 4
789 7
924 6
632 0
431 6
460 6
271 1
460 8
602 7
644 6
59 5
167 1
500 1
684 8
105 1
404 0
641 8
410 5
781 9
904 8
655 6
4 1
634 1
56 1
722 7
681 3
