10000 200
2532 1
3307 5
2151 3
5947 6
4146 0
9995 3
668 5
1828 4
5009 3
6672 4
3943 8
355 3
6745 8
7601 0
634 7
2831 8
7105 4
6040 9
8939 7
835 7
3191 6
2423 4
4421 5
2677 1
3517 8
6055 1
1046 7
8639 3
1609 9
8303 3
5631 5
5694 6
8154 1
6477 6
9897 2
5644 7
2322 8
1604 7
6184 5
9245 1
5761 6
6854 2
1401 0
7602 9
5719 2
7802 9
9237 7
2094 7
1157 5
6245 3
8631 6
1351 1
2383 8
9607 2
5627 1
7737 5
392 6
7949 9
8719 3
5286 7
3742 6
587 7
4612 6
8227 5
6850 3
5933 0
9707 6
3003 9
5000 5
221 2
1291 5
4244 4
4378 2
8906 2
9171 2
8894 8
448 8
9332 2
5781 3
6488 6
361 4
5248 1
5614 7
5945 4
3664 8
4277 2
2867 2
5963 8
2360 6
3401 2
7435 5
6027 4
5093 7
2 0
6836 0
3610 1
9263 4
2450 6
254 2
8555 7
6201 4
8903 0
8536 5
5200 7
3026 1
9665 9
168 4
8602 4
8379 1
6544 7
7285 5
7383 2
4946 2
3701 8
23 9
7983 9
7858 6
6262 2
6752 5
5497 9
2664 2
7689 5
1309 4
1261 5
5578 7
8502 9
6060 0
9803 0
7300 6
5667 5
2225 6
7949 3
3109 9
1506 3
7760 5
7949 2
5714 7
5084 5
7537 1
1377 0
1585 8
3105 2
576 8
3692 7
6505 5
5448 0
9743 9
6938 6
4077 3
2633 1
2737 7
7478 9
9796 5
3326 8
5722 4
3434 5
4838 4
4103 3
3410 5
3370 4
6218 4
7350 2
403 7
3222 5
440 8
1179 3
9005 9
7963 4
982 3
2477 5
5615 5
1328 1
1855 9
5697 4
5703 3
2737 8
372 8
5177 8
53 5
9323 2
2312 7
8240 6
3367 9
6653 4
6999 9
2781 0
3195 8
8549 1
3126 5
616 0
1714 8
201 7
6197 2
3422 0
4801 9
4127 5
4053 0
2727 8
6770 4
8591 2
3134 0
7778 5
393 2
5207 2
9916 3
5155 4
4391 8
669 3
7218 0
589 0
6216 6
55 7
5794 6
5977 3
5601 0
4435 8
6798 8
7479 0
664 4
6870 3
7566 1
620 0
4526 9
1582 5
9423 8
976 5
3951 7
5998 7
784 0
9986 3
6726 2
6440 9
9534 6
7861 5
1229 9
3204 2
4104 7
3024 4
5493 9
2791 6
5223 0
3677 6
9377 8
4633 8
2400 0
90 0
4432 3
6764 5
4937 1
1295 7
1603 5
4114 9
5652 8
1690 6
4974 1
1524 1
7668 3
8361 6
8426 9
185 0
1935 9
3590 0
9703 3
8365 0
332 7
9898 4
7928 4
4724 9
6518 4
1090 1
6949 7
3825 1
8936 8
2534 0
4922 0
7033 5
872 0
6020 2
2000 3
9924 2
9809 0
6520 7
1262 7
3630 2
8933 8
9572 4
8606 8
3944 4
5236 2
1830 1
466 7
5896 9
529 4
3563 7
8813 2
7631 3
4123 8
1389 6
1258 6
9975 1
4898 9
1839 6
1098 2
6632 1
6455 1
7304 9
1516 8
2185 2
4974 6
6880 6
3523 6
4020 6
1097 6
254 0
7594 7
2897 8
2374 9
6273 0
5752 9
8561 7
8025 1
1071 6
4877 7
1655 5
6251 9
1104 4
9532 3
8324 8
5679 5
5095 4
2400 6
4292 8
8965 8
7273 1
2476 1
6463 5
8298 9
8576 1
5030 7
1872 3
4746 4
3916 8
6761 8
9287 9
1656 7
5084 0
4606 3
5473 1
7381 2
7981 6
708 0
2895 4
2706 5
6097 0
4795 6
3764 8
3215 1
9948 7
2546 5
1828 0
9192 8
9877 4
6334 5
663 4
3532 7
4466 2
9087 5
2406 4
1986 9
5715 0
2402 8
4205 5
3712 6
7448 2
3915 7
9014 1
653 7
7200 2
242 7
8496 6
5168 1
6992 7
2009 1
9519 7
9573 5
5530 3
154 0
8062 0
4066 4
1285 9
8349 8
516 5
7998 2
1895 1
8275 9
4383 4
586 8
5759 0
1769 6
3169 2
6955 9
3050 8
2424 5
1357 9
9452 6
8366 5
6610 8
8556 7
1147 1
9779 9
9319 7
9460 9
939 1
2875 1
5139 7
8661 7
1527 8
2901 8
4986 1
3152 2
1596 2
2118 1
1603 8
7478 1
251 8
9588 0
6644 4
3176 9
250 3
7652 0
2676 0
4613 2
8107 0
4016 7
5736 9
2143 9
8261 7
7457 7
5828 7
7998 2
3961 0
1094 6
7735 8
996 7
5611 3
8386 1
4270 2
9768 1
7527 9
3397 0
4821 9
6209 0
6484 0
2091 9
6655 5
3178 2
5448 5
7021 1
8916 8
4391 9
9728 6
2210 1
1531 0
4952 6
7563 5
9649 5
4556 7
7277 4
4717 0
25 7
6215 1
756 9
715 6
6089 8
5145 8
2667 9
5599 3
1147 8
7444 4
8799 5
5412 5
1747 0
6347 7
7738 8
8273 2
7030 8
8076 7
3584 8
5847 2
1127 5
4514 6
947 9
3206 0
236 0
5973 9
6859 0
1961 4
1956 0
9936 9
3264 3
8352 7
442 2
989 4
1346 8
13 3
2369 4
3240 3
1364 9
5050 2
7574 6
7104 6
2353 9
5857 6
6192 3
5064 3
8106 5
9331 7
7086 6
5792 8
8552 8
8878 1
946 2
6690 2
7108 8
2780 2
5166 7
2398 7
6268 1
5409 1
6570 4
8318 7
3512 6
4995 6
5514 5
6273 4
3383 6
3650 8
7241 5
5832 9
2522 3
9570 7
1150 2
8198 0
3473 2
1484 5
1341 4
1947 4
375 1
8144 4
7874 0
6496 1
2327 8
9394 8
4081 3
9899 0
5739 5
8704 2
4737 0
6263 1
8446 4
3022 3
4002 0
3270 8
4583 9
8505 5
7301 1
1607 2
7347 7
5264 2
2889 9
6291 9
2288 0
9772 5
5857 9
9504 9
5200 6
5851 3
7170 3
7619 1
4896 0
4049 4
5011 4
3519 4
4319 6
5376 6
5461 3
8337 8
8328 3
1035 3
986 7
2960 5
9901 8
575 0
5680 8
5157 4
328 3
8085 2
5514 1
4943 8
7141 5
1094 9
3845 2
4185 1
8578 6
4923 4
2136 4
580 7
7614 8
4771 6
3547 3
8523 5
1219 1
6460 1
5194 6
3366 6
8121 2
6197 5
6761 3
1515 7
4671 8
1805 8
3429 1
2038 6
3117 1
4698 6
6845 8
4616 4
7041 5
8261 2
6254 2
6724 2
3603 8
5981 9
8081 5
277 4
7172 7
1482 4
1329 9
2535 0
9162 0
8645 4
1325 6
9863 9
8252 2
8375 1
5216 8
931 2
1930 9
5106 5
5070 2
7966 7
768 0
9652 9
7306 9
2676 7
2593 8
3481 5
3774 2
1229 7
8347 6
1012 5
6783 8
8917 8
6652 9
2961 2
4706 7
5094 6
2444 0
3380 0
6886 0
2025 8
9513 1
9038 7
5388 5
8475 9
8020 8
6867 8
1759 2
1173 2
1643 1
2607 8
6762 0
2520 5
3000 7
3398 3
9194 0
176 7
4622 2
6376 5
9604 1
2912 1
755 3
4058 6
450 6
4630 0
9515 1
9117 5
7994 3
1765 8
8626 3
4119 8
1689 5
159 7
7866 9
3798 9
5698 5
2517 9
8437 1
7320 3
6538 5
4823 6
2459 3
3568 7
1348 4
9749 0
718 7
7007 5
7676 4
9874 5
3447 6
8796 1
2873 5
4668 3
8738 9
7097 6
6627 8
2377 2
8939 7
5838 8
1822 2
6205 3
9371 3
8555 8
8528 6
2168 3
1166 1
9706 0
7059 3
3453 7
8360 9
9197 2
7541 2
4045 2
5082 4
6898 9
8773 1
3540 1
298 5
1955 9
6798 6
5449 2
7102 3
5785 4
8902 2
5709 5
4337 8
296 2
3023 4
5684 6
9078 6
3155 4
9777 2
5049 9
8415 8
9734 1
1540 3
303 1
4139 7
4972 4
7010 9
3204 2
8527 1
5546 0
920 1
8202 6
9883 5
669 0
3274 1
2282 4
8223 5
6254 0
2608 4
3903 0
8431 8
8093 5
9155 1
9562 9
3243 0
5761 8
6737 5
9027 7
277 3
1605 6
3035 9
8655 2
4853 0
6043 1
3118 2
130 4
7550 4
1605 2
3213 2
7011 8
5816 0
7106 2
5396 3
8080 3
6807 9
144 9
2613 7
7596 8
9708 5
1032 9
5372 8
6585 0
286 1
772 1
3405 6
3894 7
6552 3
343 2
2845 5
7582 0
2073 2
4365 3
2637 1
1694 9
7316 3
2845 8
1283 8
3093 7
4378 6
2570 3
3186 6
9805 0
5250 2
2489 9
7399 5
5632 3
7529 0
6928 2
4022 2
7822 9
9757 0
4506 0
3628 5
6677 8
45 2
7691 6
3227 3
7706 5
3025 4
8720 0
8596 2
2407 1
7492 8
569 1
1081 0
3404 1
8821 3
4185 2
1749 9
6705 9
5504 3
9428 4
7832 9
681 3
2430 1
9514 9
3892 7
602 7
8556 2
2786 4
5225 5
7460 9
9510 5
7377 9
9452 5
4066 3
7325 9
4949 4
2791 7
3957 8
8252 6
8713 9
1036 3
7871 1
2767 6
3664 9
6739 2
4230 9
6484 9
4972 1
2054 0
4437 6
7045 6
2664 4
2417 5
4745 0
8756 4
6439 8
6816 7
8455 6
8053 5
7088 2
1819 5
6757 5
5033 4
8163 2
2950 2
6004 7
2239 1
2923 5
748 3
9035 6
1902 3
276 2
5572 5
3155 8
1478 8
3851 6
3734 1
5125 2
9257 7
9593 7
7787 1
7682 6
8719 9
6306 5
4568 3
5348 4
6885 0
901 8
4754 4
9739 9
1820 9
1376 4
8198 9
3693 0
6642 0
5759 3
3650 1
9025 0
5346 3
3293 6
9374 8
4424 8
3526 9
9244 3
731 6
7258 4
7610 0
5619 8
513 3
8505 8
5317 5
8404 3
7676 1
1158 5
1248 0
3442 1
1449 3
9973 3
4745 3
548 9
628 0
9873 0
3650 1
5785 3
5974 0
9498 1
5063 4
1243 3
9700 0
364 1
7882 3
2211 9
2893 6
3064 4
268 1
3871 7
3059 9
8216 5
5826 8
8 6
6164 7
9315 0
1389 1
6119 7
1935 6
4010 3
2970 8
1273 6
8020 0
7411 7
8179 1
3138 4
6535 2
8677 5
6228 6
7846 1
757 3
5409 0
4637 1
8452 1
9953 6
2495 3
7895 9
4206 4
8075 1
7062 5
686 2
8250 4
4612 5
4303 9
3025 0
773 5
8451 2
3222 9
3563 1
2035 6
1578 6
7621 2
8858 9
6171 6
8113 4
7637 4
9095 2
916 8
5681 0
5519 9
7066 9
8162 9
5288 6
5514 5
6668 5
523 6
9506 0
4215 4
4809 6
5950 5
9075 7
953 8
2767 6
6680 6
1491 4
3355 2
5620 2
9582 2
8058 8
6828 2
3655 0
9974 2
4067 0
5178 8
7835 6
3515 9
4648 0
313 9
8430 9
6779 9
38 9
3995 1
1812 7
1314 6
829 2
6403 6
9302 3
1785 8
7682 8
4367 2
908 7
8562 5
1380 3
8313 5
2332 0
3761 8
1294 7
2101 4
6687 8
1132 6
9387 8
7853 5
48 6
246 0
8291 1
1724 0
5360 4
8293 2
551 8
391 8
9245 5
4528 0
8259 8
5440 1
1708 7
1703 9
6874 7
2677 2
143 2
4989 4
3560 7
7249 0
8449 3
2970 6
9332 0
3988 7
7811 3
7260 3
3787 7
7552 1
1338 8
9128 1
217 2
3547 7
2037 5
1897 7
3967 5
4445 1
8520 4
2204 4
5102 8
2342 1
3256 3
1667 3
598 9
8802 2
5195 3
3261 4
8345 6
193 6
9789 5
4541 3
8162 6
3763 2
8679 5
5094 9
4994 2
6872 2
6226 7
7789 6
576 9
6901 2
6898 8
2604 0
2529 9
3423 2
3924 5
5130 9
4318 8
3484 7
208 9
5068 5
3965 9
7947 2
6140 0
8762 0
8412 3
5627 9
8566 1
6730 9
3582 2
9490 9
2067 2
5743 8
7500 7
8157 7
3996 0
6036 0
4729 1
9008 7
1004 0
4812 1
691 2
3904 9
371 5
1065 2
1981 4
3485 7
156 5
3039 1
3389 8
5062 8
2625 1
6867 7
7910 4
5261 6
2556 8
8204 3
7996 7
8533 9
8871 5
8623 2
6173 5
5531 9
7235 8
773 8
8755 7
4376 2
4976 5
9118 9
5689 6
2066 5
9876 4
196 3
6068 9
9400 2
7308 3
2317 7
328 2
2726 7
5716 7
454 9
3924 6
8015 4
4587 6
8565 2
8624 9
3818 2
3699 2
2484 1
5207 2
3652 7
9235 8
1577 5
5502 6
1722 2
3184 1
3724 8
5758 2
1747 3
6277 5
8428 9
1376 7
3785 8
9710 9
3922 7
216 0
2012 3
3492 3
35 5
4796 2
9232 7
4430 6
8900 6
5365 5
6898 0
1203 8
5601 9
4085 3
5916 1
4576 3
5513 5
2830 4
2058 2
9885 0
5051 2
2757 6
8705 3
6226 0
5484 5
8413 7
2850 4
2759 3
6172 1
5243 2
9114 9
7243 8
985 1
7275 3
5002 0
4230 6
6839 4
222 4
8147 5
275 2
3520 3
8252 0
3506 7
509 1
3084 9
8170 0
7092 7
1408 5
5352 4
5198 7
6210 2
5591 5
855 1
218 8
4215 8
4868 1
959 3
8743 5
1501 6
4606 3
926 6
304 5
1913 3
9469 9
3434 4
8947 3
9818 3
5902 0
7898 2
9973 1
7298 2
6859 4
4944 7
9863 3
8876 5
3794 8
36 1
6343 0
2533 0
3484 7
2380 1
4573 9
9508 1
1334 7
7225 8
7724 8
6438 2
6168 8
9339 5
244 4
3542 5
340 7
1130 0
3467 8
6660 5
8147 7
9368 2
9275 6
7926 7
5117 3
5681 1
6736 0
8057 5
2499 7
5561 7
670 6
157 8
3904 6
659 6
8158 9
7895 3
1292 1
9912 0
9278 3
3674 9
497 1
559 6
9213 1
8768 9
9591 5
7508 6
2526 8
5221 1
7338 0
8621 2
5638 1
9409 5
5683 2
617 5
901 7
5866 8
3410 5
7420 8
6296 3
9372 2
8102 1
7329 2
1990 1
718 2
6110 8
2889 8
5289 1
4231 9
2359 4
979 6
1014 3
8623 1
117 8
2970 6
1322 6
4994 3
1407 6
4298 4
3673 7
3627 4
1717 8
9291 2
4938 7
3297 2
1459 7
6540 1
2513 2
1257 4
2509 5
2057 3
8541 3
1227 9
3626 9
7090 8
6972 9
5818 5
1314 6
5060 2
4073 6
6823 2
5623 0
5375 3
9780 3
1331 8
5091 9
1994 8
5177 0
5627 7
6839 9
8651 5
278 4
5166 1
2107 1
40 5
7533 8
663 6
8741 9
7443 7
8505 7
8 9
7711 8
3848 7
7731 7
9944 0
1181 7
6105 4
7692 0
2469 1
5664 3
1287 8
3599 5
1278 6
8897 5
9364 5
3114 7
9326 9
9492 8
8181 1
508 7
4000 4
1471 9
4521 0
2204 6
8470 7
6838 6
2045 4
6544 1
6386 2
6998 7
8512 1
8346 4
7640 3
7898 7
5077 9
2747 0
758 7
9642 6
6891 4
1105 0
4575 2
7358 1
9028 6
5871 4
2462 7
2277 6
4999 3
9241 2
6047 7
1643 1
2407 5
1013 9
5063 6
5418 4
5218 9
4752 2
978 6
2491 5
4542 6
5046 0
7391 3
4635 7
6749 6
5469 7
8666 7
843 9
2671 9
8563 9
1792 7
6487 2
1517 1
9245 2
3095 0
5118 8
948 3
7555 9
2348 0
3865 8
469 3
2692 8
899 8
5468 7
8808 5
9399 1
7462 3
3913 6
305 2
9186 5
4188 1
4132 6
1530 6
6368 5
9987 1
7147 1
5980 9
8999 8
5222 8
1760 3
6266 1
3999 7
805 3
1508 7
9621 0
8946 9
1751 8
4783 8
9650 6
6882 4
1732 0
7685 7
8107 7
5149 7
4021 5
1404 2
625 5
9388 2
7827 6
5739 7
4988 8
5509 9
2642 7
9980 7
4806 0
8356 9
1191 7
1683 5
3885 6
9731 3
8837 3
3903 3
9524 6
9334 5
8819 2
814 3
407 9
9412 3
4826 8
4575 0
7684 7
3064 3
7546 2
1039 3
4088 3
8730 1
6560 2
8703 1
4538 1
9533 5
7850 4
8950 2
9542 4
8666 1
7945 8
1102 5
2204 8
5452 1
572 0
6169 7
5676 6
1890 5
3436 9
6795 7
635 8
8748 3
9092 8
3069 3
8426 0
4120 2
3661 9
5319 5
2356 3
8842 7
7147 7
778 4
5621 2
250 1
2110 3
9202 9
8202 0
1216 9
9643 8
6165 3
5740 1
3032 0
6117 3
3533 6
749 6
3003 9
923 9
658 3
7282 4
7411 6
8397 1
1571 4
1221 4
4344 2
7970 5
6049 4
7306 5
2009 5
4211 0
8180 1
8803 3
1031 5
586 9
8851 9
201 7
2601 5
654 9
5156 4
199 8
8924 1
9277 0
8517 5
146 8
2656 5
7036 5
9177 6
6268 5
7950 4
256 5
4249 1
5491 5
2599 0
2833 0
3634 7
129 7
5177 6
1705 6
2721 8
5242 5
5766 1
6581 3
2119 4
8647 5
8924 5
1459 0
4194 4
3945 6
6281 4
8132 8
2479 9
5079 4
5506 9
104 3
4946 9
2691 9
9392 4
9889 2
5400 2
3067 7
1496 6
1929 8
6435 9
3361 0
2070 4
124 8
9937 6
3237 6
6792 1
7707 2
4814 5
1001 9
2549 1
1126 9
4651 1
1541 4
1021 0
6875 5
7361 6
8324 5
6117 9
1090 0
9735 4
9940 2
1301 3
5583 3
4567 0
2864 6
5882 2
5841 4
8481 3
5983 0
3220 6
7608 9
9992 7
9113 0
3495 1
6521 5
4395 0
9326 8
1638 8
8354 1
5983 7
9436 0
7586 0
9710 4
844 3
7414 2
3482 0
6963 3
6449 0
2530 3
4300 5
85 2
3905 7
1614 5
3538 7
3216 9
5350 4
4517 5
6680 7
1898 9
7930 4
9259 0
4394 4
1864 3
3852 5
2039 1
6071 4
6936 0
7875 6
6686 0
9251 4
957 3
252 7
7061 8
6070 1
6935 9
8555 3
5726 9
6218 0
8361 9
5652 7
1212 7
5312 2
3808 0
7809 4
7382 0
328 1
9873 3
3660 5
9772 6
7047 3
7734 2
8771 2
2627 2
8967 7
4285 7
8317 6
4415 1
3432 3
8179 8
3726 6
925 2
4321 6
9104 6
3529 2
6021 0
285 1
2748 2
72 9
9055 2
9405 1
1685 0
9725 9
1682 3
7412 8
9852 0
7586 1
3133 0
2202 5
7825 1
3498 5
9137 6
1232 3
7530 6
4141 1
1371 4
4071 5
8812 2
4720 0
2332 4
5252 5
9312 5
2588 5
2864 8
8367 2
321 4
1237 7
9208 3
2002 5
9322 5
2034 4
9295 5
7058 5
6460 2
2740 0
5918 1
3343 3
6583 7
6586 4
3937 5
970 8
8446 2
1569 6
3129 6
6262 5
582 9
1045 6
2721 0
6370 3
8038 7
9027 0
5990 7
6188 8
1053 8
635 1
6917 7
1221 3
4921 3
6419 7
3952 0
2355 9
5851 7
9964 6
788 6
348 6
1460 2
5999 6
6714 0
2807 0
5843 3
5920 4
6215 4
8388 2
8340 7
1519 9
3965 9
9836 7
4747 9
4896 8
7853 9
7698 4
7817 4
9916 4
1963 4
6864 4
427 5
1419 0
4163 7
3393 0
9042 7
8014 3
5382 0
2232 2
2958 8
2086 7
5323 4
2771 6
5380 1
7142 1
4967 4
655 3
600 6
9057 8
7686 8
3789 7
6024 3
9514 0
1816 4
8766 6
2204 7
1163 3
2299 9
9375 6
3020 5
5490 2
250 1
5997 4
6690 4
2722 8
1804 4
4664 3
4255 4
1271 1
4733 2
4194 1
3002 0
9573 7
3104 6
1654 1
7441 2
5150 2
3474 1
7103 4
7931 4
3815 7
1654 0
5150 8
2898 7
9660 7
8295 7
1444 0
1213 4
9389 0
2039 8
1670 9
2406 1
1122 8
8908 2
517 2
7627 6
3460 9
8447 6
9349 2
5036 1
4504 5
7075 4
2736 9
1435 4
1066 8
2006 7
2370 9
3068 3
5348 9
9079 6
9234 0
6651 6
9938 1
4522 1
2308 4
5135 6
5024 0
4089 5
2877 8
8952 1
7488 4
1319 1
851 0
4489 4
6925 4
1090 9
3718 8
2194 3
9280 0
4146 1
4934 9
2084 6
3852 5
2017 1
5247 7
984 7
1011 7
8735 4
9192 5
5950 9
6943 0
4522 7
3683 5
2870 6
8414 0
6454 2
4172 7
6728 7
2429 5
7675 5
8567 2
8873 9
3600 4
8373 6
75 7
4797 4
4322 4
4356 4
5462 4
2608 8
2546 5
3345 5
875 8
2855 3
688 1
2290 4
7446 0
785 4
1525 4
4122 9
7375 6
6136 0
5299 2
8279 9
3294 2
2040 8
2418 9
2887 2
9382 3
8718 5
1204 5
5613 8
5183 0
6710 3
4007 0
3008 0
238 2
726 5
9665 2
9848 8
100 3
65 8
9190 4
1747 7
7627 8
4830 7
6208 8
8416 2
954 7
5755 4
5585 4
5370 3
9184 1
7829 9
8846 6
3097 6
3874 0
5118 7
4948 7
9651 0
8882 8
6178 5
5310 5
4325 1
4568 8
5023 2
6649 5
2991 5
8104 6
9307 7
6391 2
9025 0
4921 7
3926 6
3784 0
7412 3
7641 4
5785 6
8292 9
7841 3
7179 6
4862 0
1886 0
327 8
7148 9
9622 8
7809 1
4570 6
9810 5
1065 7
1280 8
7549 3
950 1
4729 1
9393 6
7333 8
9069 5
504 9
7451 8
8830 4
7524 5
8918 4
1065 9
6023 5
222 9
6936 2
8318 0
2697 8
8944 0
9531 0
5994 8
9298 0
2157 0
8965 2
1461 4
9114 1
6629 6
9932 6
9337 3
2814 1
5163 9
1634 0
9304 4
402 8
2633 1
951 6
9008 8
8200 9
5932 8
2135 0
410 3
4212 5
103 5
6201 1
450 6
9583 5
8167 7
5533 6
6835 9
1600 7
499 0
9845 9
3722 2
2259 8
8666 0
114 1
1120 2
1164 1
4841 6
73 3
8297 8
8234 5
1997 5
8300 1
2599 1
2217 6
6412 4
9663 0
3697 4
1824 7
3408 7
2782 9
6533 8
4566 5
6793 3
2098 0
9048 7
9356 1
2043 3
7881 8
4344 1
5895 7
8661 3
4910 6
2985 1
7921 0
4261 2
227 0
6169 8
9448 3
695 2
4257 8
9161 1
7760 8
5122 8
8085 9
6450 3
3112 2
1810 5
909 3
3348 7
2531 5
5991 1
6487 6
7734 8
5376 3
4412 4
7763 1
6949 7
8243 7
5542 6
1518 4
2948 8
4056 0
9501 8
8780 0
7754 6
388 2
250 8
2693 7
4979 1
714 6
2739 4
5421 2
5598 1
5250 4
7130 3
7686 6
6406 7
2811 7
7532 5
6930 9
9982 4
5623 8
3755 4
1311 8
4514 0
2214 4
5746 5
2128 8
2663 1
5297 7
2775 4
3663 4
8531 3
6361 2
5686 4
38 9
4395 1
6373 8
9080 7
8549 0
239 6
85 6
1499 3
1140 1
5534 4
5241 5
291 8
6932 5
919 1
9660 0
8632 8
2764 9
634 2
9818 4
8786 3
9159 5
3200 4
7711 5
4094 7
2541 5
2360 5
7051 1
9545 4
9097 5
4072 0
7236 7
7566 8
1970 1
4033 0
5823 8
3650 6
2459 1
5408 9
2581 5
1266 0
1708 3
9040 4
7893 3
1672 1
180 6
3727 4
668 8
6734 1
7866 4
2722 6
1942 3
1381 3
1410 5
2655 5
5708 9
1673 3
4150 3
8860 3
8455 2
401 8
9841 2
178 9
4946 9
5730 4
4826 3
1939 7
2874 5
9012 7
2332 5
3187 1
862 6
5938 0
4703 0
251 7
9354 3
3205 4
4503 4
6355 9
3556 1
8920 2
230 8
662 1
7799 3
625 9
4102 0
1189 3
9779 8
7589 3
6446 9
4741 4
8996 8
4887 1
541 7
3172 8
8711 9
4415 0
6252 1
1702 2
5518 3
2640 0
9600 1
3448 8
2022 9
5118 6
6679 2
3108 3
7193 4
3164 2
3525 9
1420 0
824 2
371 4
6471 0
7028 8
6765 5
8139 2
7096 4
5117 7
4729 6
9591 0
1921 7
1923 6
6347 0
3203 2
7859 9
8922 6
2556 1
9881 7
796 8
1994 1
2894 6
9267 1
4555 0
6721 3
9083 5
7320 7
9455 0
8837 3
97 4
8296 5
7588 4
893 7
6216 1
9912 5
4151 7
7031 5
4425 8
7722 5
7868 0
1460 5
3874 0
2967 2
2330 1
7014 1
3042 6
7482 6
506 6
3640 7
5470 2
5321 2
724 1
9005 1
8303 1
2678 1
3078 3
5816 9
2894 2
2000 7
2009 8
4784 4
4653 8
2172 7
54 0
5418 8
4720 9
85 5
5062 8
4984 2
1037 1
4219 0
9139 5
8674 9
379 7
3546 7
4119 6
5907 7
7368 0
8230 2
9332 1
1492 7
5975 4
6372 3
3195 0
4648 4
7601 9
6506 0
4148 3
5257 8
9483 2
7575 2
7043 7
4185 8
3898 2
8345 4
342 2
3034 9
9927 6
4959 4
9546 5
6564 0
3121 9
316 4
9588 5
2952 3
5665 9
3079 6
3474 9
669 8
186 7
9372 0
1755 0
3977 5
6596 6
659 7
8888 0
9184 4
5846 7
9160 7
7182 9
9034 8
31 4
8472 0
9339 6
6511 0
5836 6
4580 1
6028 6
8520 2
5246 5
7890 3
4658 5
4629 5
312 8
1074 6
48 2
1292 0
8712 0
181 6
2036 3
5840 0
8 9
1804 2
5909 7
8052 9
8776 6
2570 2
1807 5
3919 4
195 3
531 0
5038 0
671 2
5191 4
3085 5
6170 1
575 2
9292 7
3060 4
3505 2
9264 2
945 1
7397 3
280 9
8679 2
6873 5
6733 8
2602 5
5443 9
9268 8
7213 1
4300 2
3323 7
5972 0
2753 4
2904 9
1214 7
4032 7
9395 3
2938 7
2705 5
5412 0
8359 0
4857 1
9510 3
1963 3
5448 4
5009 7
8623 8
8254 0
7525 9
6489 4
9841 7
4245 8
4704 4
6102 1
6732 2
6111 1
6402 3
4456 2
2326 4
946 8
2435 9
3751 6
2961 6
8980 1
5203 2
9644 2
9456 1
495 0
6463 6
7131 4
7691 9
6655 3
8574 3
1045 4
3669 5
7885 3
8875 7
1843 0
3920 7
5800 8
6014 4
6779 4
2451 3
1808 5
3467 3
6149 6
7001 6
1267 2
2859 0
7951 9
5537 4
7598 9
4838 6
4006 1
9288 0
6766 8
295 9
8499 2
3198 2
900 5
1935 5
1193 9
9490 1
6387 2
6261 9
7467 3
9765 6
2582 1
7233 7
9168 6
9221 9
5980 3
7001 7
5933 7
7930 8
9256 0
9498 2
7281 9
3125 7
71 3
9866 1
5664 9
2699 3
8977 3
6427 6
5623 5
3478 4
6122 2
9792 7
2898 2
5721 8
4512 7
129 7
4021 7
9300 2
8567 9
7146 5
6328 7
4216 6
600 3
8426 2
1562 1
2785 3
6732 4
6482 5
9968 5
4799 7
7460 1
7048 7
9772 5
9223 1
4411 3
8235 6
8832 7
8373 8
7836 3
7292 9
3658 3
6833 3
5066 6
523 9
677 4
2848 3
4736 9
8525 4
612 6
6305 5
4531 6
7809 7
2889 6
4443 9
6420 8
7390 6
7938 5
4326 3
4636 3
2744 2
4919 9
1140 0
759 4
1350 9
8964 3
7848 1
7408 2
4609 7
5688 8
496 8
2407 1
2804 2
6680 6
5396 9
4834 4
222 6
3659 3
236 4
5468 7
7193 7
5347 4
275 2
172 5
8845 5
1047 7
8271 5
3165 4
514 3
7192 8
3657 4
9502 2
4835 4
3292 0
7771 4
1899 0
1579 8
1685 2
3019 7
1006 9
2483 0
7747 9
8030 7
6292 4
3784 9
2869 6
7338 6
3813 3
8485 3
9936 5
9611 9
8185 4
3902 0
5698 0
4070 0
1356 2
2631 7
6001 2
6417 9
4240 7
8107 8
7113 8
1154 5
2737 4
4403 8
4021 9
7695 5
287 3
2536 2
5690 7
1857 6
394 3
7925 9
3966 0
982 0
6609 8
8835 2
7766 0
2158 9
3665 8
8232 1
5649 5
6635 1
5182 7
7005 2
398 3
4217 7
5420 1
8431 3
562 1
1334 2
3611 3
2046 5
1107 5
7363 9
1052 2
9259 7
8826 0
588 4
6489 6
4806 6
3038 8
480 3
4358 1
7236 5
2353 8
9133 2
7266 5
7491 2
3366 1
306 0
136 7
1738 7
4229 7
8352 4
1280 3
7496 4
6357 4
9651 5
3045 8
1086 9
7800 1
7147 2
3705 6
9821 3
3260 8
1614 5
6206 4
6328 5
6451 2
8888 7
3302 2
4616 8
673 5
6142 2
5888 2
9077 4
105 0
2343 8
356 8
3852 7
7305 5
1407 2
1835 2
7842 1
8538 4
8966 0
38 3
6147 5
6849 8
2207 8
616 7
7395 1
9385 7
5193 5
2318 7
5176 7
9067 1
9923 8
1161 1
7067 8
7241 4
3860 1
3104 8
4399 6
4706 7
1819 2
6649 5
6854 9
7671 0
3428 4
7003 2
9377 0
8940 1
1054 8
3930 7
4071 5
1176 3
1378 6
3561 5
8083 0
2775 8
645 5
5839 3
944 3
4562 0
562 0
8371 2
1471 4
5067 2
2828 1
7899 5
2317 6
3038 6
934 2
3853 0
6320 2
2134 2
1882 8
1845 4
5039 5
428 7
4057 3
7350 3
6675 8
2260 6
1102 0
2795 6
2530 6
6626 3
2168 9
2130 8
9981 3
3719 8
8806 5
526 3
2904 0
7940 6
1302 0
1721 8
9440 9
94 2
656 7
9582 5
9249 5
466 4
1432 7
2000 5
3745 2
7235 0
170 8
4321 1
8240 8
3723 0
2639 5
5049 1
5274 8
4410 2
8972 9
7369 2
4294 7
9263 3
4906 5
1980 4
8895 1
3207 8
3444 1
8256 0
5587 8
3925 1
3502 9
3100 3
732 8
9609 3
3582 9
6996 3
5029 4
5885 2
9569 1
6394 2
6867 8
1308 0
2634 6
8403 3
9940 3
6670 0
6036 5
9252 4
4878 5
2292 6
6028 8
1327 9
4972 9
3871 8
5654 6
1035 4
2397 1
4940 4
8069 2
772 4
212 5
3291 9
3070 6
7744 9
5226 0
7310 3
9002 0
6570 8
7484 2
5696 3
2275 9
8079 3
2768 2
7783 4
621 4
6845 2
5083 7
6076 0
5454 1
6082 8
1679 4
3737 4
8755 7
5288 2
4752 6
7203 5
6733 7
2309 0
7795 9
7008 0
9031 3
8846 0
4123 4
8628 1
4027 6
2665 5
6069 7
1530 7
5702 3
5118 5
7088 5
9958 3
7358 0
5714 7
5398 5
2356 6
4539 5
9123 8
5556 3
560 3
8691 3
8262 8
4153 1
9844 9
6031 4
5069 4
4298 1
3602 3
3073 5
3303 3
9146 1
5895 8
4061 6
1396 0
8415 2
2314 2
2834 1
6754 3
7227 1
9646 6
1084 6
1488 0
234 7
1739 2
1788 5
5572 0
9769 7
4745 7
8097 9
4272 7
9871 9
776 3
2122 2
1566 3
4806 0
6310 1
5397 7
2109 2
9618 4
8488 6
4887 8
8889 2
7309 1
2857 5
6478 9
4995 7
7350 2
6217 1
5744 8
8837 7
6388 8
8169 1
9272 4
5112 2
5256 2
7962 3
1049 8
2638 1
275 7
5838 0
9582 6
6593 5
5511 8
4097 3
995 0
6881 1
6095 0
9715 6
248 7
3558 3
6689 0
211 4
1208 1
6638 9
9480 4
1642 7
2500 8
8208 0
2071 2
5768 0
26 1
1561 5
5237 6
7067 0
8449 6
1204 2
4385 2
3629 9
5886 2
4426 3
1982 4
3795 6
8548 9
8778 7
2487 9
4149 7
1841 2
3158 4
8738 5
9120 4
4763 6
733 3
3559 8
3413 9
4887 8
4403 9
8107 2
8667 5
8039 5
6514 6
7903 9
7865 9
2267 3
823 1
9493 8
543 0
3113 9
8914 5
4179 0
2670 9
5667 8
2690 3
5021 4
9604 9
4238 8
6813 3
8630 2
6619 5
8418 1
796 0
8152 1
352 6
8381 3
6721 8
3173 2
933 7
2660 6
488 8
6798 4
4002 7
3886 1
7237 1
1961 7
2108 0
3282 3
7276 2
9933 2
1418 3
8577 6
5178 1
7590 1
6577 1
7111 9
747 1
2476 7
8474 4
7706 2
6180 7
4696 8
4149 1
1555 6
4922 9
5693 8
7373 0
5522 6
394 0
9124 2
363 2
4492 5
4336 2
6387 0
7671 5
5164 3
4762 7
6420 4
9033 9
2427 3
9801 1
6475 7
5573 8
2131 0
6165 5
7251 8
4989 5
2478 3
2588 8
4566 1
4857 1
8900 9
4367 2
3700 0
3636 1
7721 0
7791 5
2842 9
6010 7
396 5
323 5
4253 1
8382 6
8170 9
4612 2
1747 0
5107 0
9074 8
2116 7
2678 3
4946 1
7052 4
7996 6
463 9
2220 3
7681 5
8329 8
1370 9
6881 6
904 7
4360 4
5668 0
9437 7
5611 7
6115 4
7228 8
4767 7
741 8
8644 9
3954 1
6446 8
7478 1
5043 6
1976 6
9362 9
1783 5
6283 5
8680 0
6180 6
5540 0
920 3
3682 8
5903 8
373 0
8135 2
514 7
2993 9
1010 5
6521 4
5864 2
5438 9
7694 6
2392 2
2539 9
8671 9
2292 2
3732 3
930 3
4689 9
5574 6
6231 1
8093 6
9399 4
2173 7
4209 2
4422 1
278 2
5142 1
5708 7
5650 3
6319 0
2303 8
603 8
3875 9
8122 7
1297 7
8613 9
6599 4
1288 1
6798 8
9886 5
5336 5
5372 0
2223 1
8229 9
7333 7
3784 1
9863 5
8695 9
5861 1
299 2
9106 6
1395 7
3377 0
6108 0
250 4
682 7
3954 1
5488 6
2965 0
5789 2
1389 8
634 4
3301 6
9815 1
5740 1
5366 5
7918 7
6200 9
4583 8
6921 1
4914 7
9140 2
6525 6
7776 8
9915 2
6787 5
5597 7
1164 0
5607 7
4034 6
781 4
4962 8
9111 5
9512 6
4810 6
1740 4
3381 4
7935 3
9587 7
7563 6
9102 0
1278 3
4744 9
9813 0
6168 5
3486 7
4001 0
844 0
2562 0
3741 1
6837 1
4041 3
631 1
2177 1
9510 7
788 7
9740 7
7392 9
3635 1
3970 9
5455 9
452 8
2907 4
927 2
3319 7
1300 9
4037 6
111 7
6920 7
2737 2
7629 8
959 8
5034 5
7535 6
3031 1
6365 0
6453 4
5798 7
703 5
614 6
930 9
8113 1
5999 1
3790 3
6972 9
2897 5
8855 1
1673 7
8081 1
3951 7
6925 4
9922 2
1568 0
2708 9
509 2
7243 1
7140 6
1955 8
266 9
2867 3
1868 4
9942 3
8127 0
2112 5
2763 8
9712 9
1102 3
9241 6
9296 5
7 5
8914 4
2922 4
2201 1
8737 2
9128 3
6808 8
8717 0
5379 2
4067 6
4164 1
8219 7
6835 1
2601 8
763 3
7326 5
9110 4
9373 7
4494 7
1180 5
1384 7
1747 9
6239 9
1915 1
399 0
7984 6
2851 2
1655 8
7446 1
7352 1
2056 4
268 4
4959 4
4152 2
9324 1
6045 7
1641 8
4952 7
9334 8
1098 7
9869 1
7725 0
5789 0
2183 6
2789 0
9751 2
324 0
3228 7
6827 6
4864 2
5345 9
1688 8
4514 0
4777 4
8005 4
9589 9
477 0
1267 0
6347 0
9172 4
1909 8
9572 8
1765 3
7377 1
5551 7
240 2
3529 8
1991 0
9897 8
5685 5
6129 8
8144 8
859 0
2441 0
8775 2
960 6
7611 0
238 7
9977 2
7114 1
2904 3
8517 0
4346 7
5522 1
8023 0
570 7
4380 3
7921 3
9855 1
8014 1
685 7
2821 2
6682 3
4937 2
8712 4
339 7
1729 4
2601 2
9594 7
3854 3
5175 0
2283 7
2189 3
2380 3
2891 6
7487 8
4797 6
702 5
357 5
3679 0
2101 2
2812 3
609 3
5773 0
1064 4
4200 2
7515 4
5889 9
4785 4
603 3
1098 0
9823 2
7157 1
2286 5
3594 6
2592 3
4101 2
1717 2
8101 8
7216 8
7682 2
2880 7
2241 5
1091 0
158 0
1049 5
5121 0
9767 1
2982 0
6218 8
1198 0
6487 4
2378 0
7971 4
2477 3
1667 5
7777 1
5542 8
8110 1
29 1
640 1
5521 2
5715 7
8746 3
3218 0
9384 7
2686 8
7504 7
5808 8
5541 1
7441 6
8123 6
9264 5
7583 3
4911 0
2998 1
512 4
8235 9
4571 3
8581 5
1584 4
1309 1
4136 4
3193 9
4394 7
2991 9
6360 8
4301 4
3560 8
3396 0
9645 5
8734 2
7608 8
7046 8
102 7
3016 1
9998 0
325 3
5252 6
2499 5
1975 8
8827 6
7974 3
4717 2
173 4
5952 5
428 8
5500 6
5588 9
4260 5
7059 4
9334 6
4936 1
9528 5
7793 1
8824 7
6384 8
8569 1
6695 1
4275 4
3587 4
8036 5
2038 7
1554 1
4893 4
7527 6
1992 6
8096 6
8808 2
2020 6
3939 8
4598 8
5332 8
9300 2
9464 3
9363 3
4781 0
2242 2
6944 3
4364 7
9452 7
1072 3
3656 2
5313 9
141 1
2691 4
9756 7
200 4
54 9
610 3
8027 9
2497 0
4901 3
1412 1
4426 5
47 5
8059 4
7512 6
7677 1
5331 2
3330 9
2048 7
1307 5
4053 7
9919 7
2351 7
2780 0
9577 0
5067 0
8626 9
1217 3
5287 4
1529 7
6210 5
9795 3
7158 8
3715 7
61 8
7315 4
9585 9
9661 3
1951 7
3339 2
2637 7
4834 7
1304 7
2443 5
1485 9
4298 7
6358 4
8880 8
7674 6
246 3
4180 4
909 1
2772 0
592 8
278 7
1489 8
1110 9
4635 9
507 2
2522 9
6540 8
6421 0
4142 9
8249 5
926 0
6264 5
6774 9
7968 7
6177 3
4650 0
6906 3
5112 4
8398 6
6486 6
9396 9
8201 5
3569 0
6825 5
8449 0
6992 3
2208 5
7891 9
1011 5
1491 1
1408 6
2944 6
7720 1
2752 2
3211 2
1773 8
3230 1
6154 1
2749 0
2288 6
3146 2
9314 5
6704 1
8636 1
5732 5
3196 2
4540 5
5571 2
6813 1
7580 1
7833 3
2643 6
8962 8
9824 0
8882 6
6576 0
3341 5
7990 9
7555 7
103 6
3039 0
7182 7
9015 9
3569 7
5697 3
4353 1
3379 0
8353 9
9468 3
6476 7
1770 7
2983 9
9209 3
9424 9
7356 6
4969 9
1289 1
8852 6
6724 5
7218 9
5311 1
5240 5
2369 5
6669 2
6947 8
9824 4
1027 2
4355 5
7900 8
8213 5
9579 4
523 9
8658 5
66 1
1542 1
2511 4
5858 6
2510 9
2457 7
6638 3
6476 6
2289 8
6450 0
8280 9
7098 3
9046 8
7004 1
378 0
1419 5
6594 7
5153 4
1403 5
6241 5
8617 4
9768 4
2883 0
1534 4
9391 3
2041 1
2970 8
6762 1
4824 8
2358 3
7243 4
6139 1
8406 6
1134 9
8834 1
5074 6
2361 0
1874 3
9238 2
628 8
7015 2
1956 7
8937 9
2848 8
562 4
9919 3
3183 2
8330 4
8367 8
6121 6
9036 2
5388 7
8024 5
9557 2
6291 2
1818 2
7401 3
6944 4
2551 8
2590 8
3788 2
8751 4
1811 1
3563 0
2543 7
5403 0
6447 4
9836 4
7391 4
9250 3
9940 0
2135 7
2278 7
5970 9
5335 3
1556 9
5648 7
2456 6
3468 0
5849 6
1730 9
9550 8
7585 0
5806 3
3645 2
7069 8
9610 8
8965 3
570 1
2459 4
5729 3
4745 8
6207 5
5349 9
1926 3
1326 6
8444 2
1912 0
1201 3
9984 1
1858 2
6054 3
6797 3
9892 6
8247 9
5760 2
8189 1
594 7
4730 0
2319 1
5468 6
1092 0
823 0
9809 6
7033 8
1833 6
1194 1
2287 2
7807 1
1876 2
6004 8
984 2
7743 9
8551 6
2332 4
5733 0
1288 8
5990 5
1859 5
2362 6
3489 3
9667 9
7585 8
1093 7
9415 7
60 3
8999 9
5681 6
5588 8
2396 1
1775 3
4352 2
2766 1
5672 2
5008 7
918 1
9196 5
9417 2
8979 1
4918 8
7943 1
7324 4
3984 2
1324 1
2615 9
9694 3
3517 0
4694 0
8855 6
6979 6
3125 8
2180 2
6897 8
3973 3
9992 2
7838 4
3667 3
3840 0
5743 9
9003 0
184 3
280 5
7306 7
8375 8
711 8
3939 2
4256 8
5818 9
9181 4
7615 5
8587 7
1884 9
1331 5
9603 0
6736 4
4675 9
7673 6
5891 9
7916 6
5105 9
9789 5
2882 0
8944 5
95 4
7631 4
1230 0
2220 3
1616 2
1911 0
4505 1
8041 8
1882 6
4321 4
4626 7
2949 6
1829 2
9805 8
6027 3
4847 0
784 5
5248 4
2433 2
3052 3
6797 4
5159 3
7417 7
1836 3
1210 1
3471 6
6671 4
911 2
1875 1
2263 8
1025 3
7157 8
7606 1
9764 8
6713 3
5875 9
3375 0
8122 0
2321 9
9070 4
1002 6
7153 4
9760 8
4216 6
4881 2
2902 1
380 4
2818 2
7329 6
5830 6
7599 3
6428 7
5603 4
3078 6
5900 0
293 2
2071 7
7387 4
6701 2
8619 9
6804 3
3829 4
360 4
8857 8
7657 5
2808 5
3680 2
6862 7
234 9
8943 5
5313 8
858 4
2341 0
9217 2
7272 8
6238 4
8155 6
9590 4
9292 2
7585 1
5373 4
8535 0
7963 4
8681 9
936 9
4127 7
3666 3
3898 8
2146 9
1738 9
5366 6
1440 9
8940 8
7386 7
3083 2
8584 7
1620 7
153 0
9485 0
6144 7
1856 9
1643 7
4328 8
1052 5
2717 0
2447 9
610 7
5650 9
2923 9
1778 9
7360 1
6312 8
923 6
5874 5
2938 2
9295 2
3575 4
7964 5
4634 3
4872 0
7035 2
4345 2
9818 9
7273 3
2275 1
8025 0
8358 6
230 0
3507 2
6840 8
2868 5
2125 9
1511 0
5996 6
9798 0
4460 9
4460 1
2837 5
7273 4
8848 1
8968 2
3464 1
4922 9
3649 7
3915 7
2038 1
6833 6
7328 1
197 4
763 9
3016 0
4054 2
6595 8
5690 6
3431 5
2963 9
4124 4
9114 0
1847 0
4845 2
6788 8
2548 2
8065 2
2412 7
4251 1
4840 2
3274 9
8893 8
7963 1
5283 6
3452 6
3873 8
4764 2
7534 1
7671 6
9875 9
9728 8
2590 4
8259 1
4104 3
6364 8
2525 2
351 0
6193 4
6035 0
2883 0
4960 8
8913 9
4817 3
7306 5
5264 0
0 7
1237 4
2967 4
6878 4
9898 5
7188 1
9777 5
4346 1
8371 4
6373 2
5867 6
3596 9
4991 1
9480 2
9506 4
4676 8
8529 5
8017 4
1080 5
7297 1
7775 1
1055 6
3364 3
8922 3
5569 3
5452 2
9122 2
4641 3
4174 1
9895 1
5397 4
5060 5
1304 8
2957 3
7415 9
474 2
7199 5
5103 4
5660 6
5957 1
2103 6
7101 6
8981 1
9483 6
1214 4
579 9
5567 5
5916 3
6405 5
5597 4
514 5
6063 5
2787 2
5606 4
7280 0
7622 7
5955 8
9834 9
7102 8
6481 9
9095 6
2708 2
9013 1
7340 1
9141 1
7993 0
1096 1
1003 7
9936 1
3457 6
6260 5
8863 0
7110 3
3209 7
5521 6
6466 7
9108 6
5685 3
2292 3
6962 1
5202 3
4921 5
2247 7
6382 4
7372 2
9458 5
5357 0
3174 3
7947 1
5569 5
8097 0
6319 2
5066 0
960 4
5488 7
4810 6
4161 1
1234 2
499 3
8724 9
6715 8
9817 2
7060 0
2231 9
2986 2
5754 0
7810 1
3379 5
7444 2
681 1
6592 1
9291 0
7920 2
1815 3
8807 0
3176 4
3009 6
9197 9
331 3
5560 4
8170 1
1947 3
1546 4
8743 3
8597 6
5050 8
2435 6
2964 5
9134 9
4868 4
8671 8
256 2
8832 0
7546 1
1850 3
4721 3
6738 6
3671 4
9499 5
8524 3
4158 8
4780 2
5626 4
2395 6
3047 3
534 0
8660 1
5904 9
1637 9
4644 0
6706 6
1262 4
1459 1
1460 6
3209 8
5766 3
1220 1
9998 9
4071 7
6681 3
8526 1
8750 7
3174 4
5252 5
198 4
3061 9
1169 7
6958 7
7439 9
1167 4
3516 6
2917 4
8161 7
9363 7
1403 5
5246 4
2956 0
2095 5
8194 3
1713 7
5883 6
6133 8
5204 5
2151 3
4241 2
2529 4
6461 2
338 2
8499 3
9756 5
4770 7
3931 4
9105 9
6903 0
5806 1
9016 4
8178 3
8604 7
9929 4
9576 2
5061 6
3217 8
3404 1
7545 0
450 9
6787 4
3584 5
2552 8
2192 1
9748 6
9000 1
7510 2
3769 8
6000 2
3585 2
2532 4
4391 7
898 8
4574 5
858 8
1506 6
9929 6
4882 4
512 2
1291 0
5198 8
4312 3
3254 3
8534 0
4846 4
5065 4
7178 7
7098 2
9833 6
4852 3
3516 6
1012 1
4643 2
1839 1
7687 8
7919 3
1326 3
7747 4
126 0
4245 7
189 3
468 5
2973 6
8958 2
9074 2
4956 4
7573 7
6997 8
7046 2
8780 0
1451 7
2957 5
7050 1
3601 4
9754 2
2222 8
1838 7
3637 9
6409 5
8734 8
3902 9
2259 5
4022 3
5998 3
6073 9
7424 7
2183 3
6154 2
970 4
8833 1
2976 4
2671 6
310 6
2589 0
3825 7
1910 1
3867 0
6488 2
4939 7
1845 3
5492 9
8032 0
5201 4
6683 7
1089 0
8615 1
6290 7
5088 9
6739 5
4843 7
902 5
37 8
7515 5
3654 1
7362 4
8049 3
2754 5
5987 3
6817 2
1246 5
9403 4
9237 3
8792 0
5629 6
5626 7
5297 9
2958 3
2657 9
9700 9
2811 9
1044 5
621 6
2598 5
9053 1
1265 1
2233 4
4563 9
8529 6
6431 6
9870 7
9872 7
5840 9
8817 8
209 8
2616 6
3535 7
9531 1
4566 4
3981 2
578 3
1046 4
5347 3
5203 0
4563 3
5380 6
3390 2
9497 5
9824 4
9373 0
8154 3
5238 0
8398 5
8315 4
4863 3
4665 4
2315 4
6281 6
6367 5
1692 2
4721 7
4356 6
3462 6
2773 0
7948 4
1722 0
4812 3
4109 6
8104 0
6213 0
5457 0
6036 1
9058 1
4043 9
6558 2
9027 4
2310 7
5973 0
9319 8
6746 2
2325 7
6835 0
1293 4
9528 9
57 9
8420 5
9044 1
6608 4
1878 2
7422 2
2213 3
4134 4
5106 7
8251 7
7311 3
7579 9
4089 4
7921 7
3582 5
255 4
1509 5
9166 7
4549 3
5520 0
699 1
8360 6
1332 4
9927 8
3486 1
5620 4
5849 2
1716 6
1801 9
1441 4
3521 8
721 6
2553 2
914 7
4381 6
427 1
1635 7
6804 5
5508 1
8014 9
4143 9
4348 1
9686 6
9105 9
3297 2
5375 5
2055 0
7343 1
949 1
3958 8
3407 2
4393 6
1431 4
2500 8
5218 6
678 0
1057 1
828 4
4423 8
6880 6
3360 1
3900 1
1581 4
9552 1
42 4
4692 3
7107 9
6357 1
4751 7
292 5
3617 0
4266 7
2301 4
4418 0
9717 2
7501 1
4909 7
5504 1
8827 2
4947 6
4456 1
8421 0
1381 6
3624 1
5315 9
9622 6
8703 1
2816 2
7162 6
9098 6
530 9
1368 7
7375 2
8806 9
3643 4
2585 1
2870 3
1219 2
2219 3
5840 5
1016 2
5064 0
3345 0
3246 3
4706 2
4815 2
3892 8
5950 5
43 1
2962 8
8152 4
8263 0
6828 7
3733 4
9984 0
498 3
836 3
5921 8
4106 1
3726 6
9492 5
4876 0
9562 0
7865 4
7859 5
2161 0
963 7
7187 6
4245 4
3474 5
7163 8
3719 4
2287 1
1314 0
2087 7
1177 8
7621 6
9145 3
9163 7
1372 6
9995 8
7033 4
8449 9
2271 3
6568 8
3772 9
7589 8
9314 1
1382 0
8568 7
9119 7
2774 9
4755 3
3248 4
8053 4
7811 6
2756 7
5485 8
1319 9
5644 2
9306 7
3565 3
4157 1
1387 9
7168 8
1667 8
8836 3
7274 2
6096 7
9293 5
6377 7
5581 2
1133 6
7220 0
2758 1
9820 1
5135 5
8675 1
4165 9
5770 3
1795 3
7310 0
2470 9
8000 9
9802 3
2194 4
373 0
6282 1
2096 1
2007 7
3977 0
6618 6
8184 9
3246 2
4711 5
8098 6
1334 5
3471 2
480 5
9959 1
8931 7
707 9
8827 5
1341 4
9624 7
9343 3
7624 8
9577 0
7251 1
1862 2
6181 5
4655 3
5120 5
2879 4
6905 3
1035 6
1173 0
8290 6
168 7
7316 2
8610 8
3303 7
6488 5
8838 2
6158 2
5253 9
3670 7
5522 3
3197 6
4416 3
2727 6
7851 5
6124 2
1857 7
255 3
750 0
3847 9
3906 7
1768 7
7479 0
6889 0
8474 4
8521 1
2892 3
4778 4
2926 3
2664 4
9848 1
636 7
1426 3
3209 1
2531 2
1801 5
5466 4
3535 7
2092 6
9257 4
6207 2
8229 3
7326 4
9888 8
2543 5
527 7
7505 9
9434 2
7055 4
5677 3
6842 5
7558 5
2550 3
6253 8
195 6
2337 6
4171 8
8010 7
3673 7
127 7
3818 5
8972 6
2177 4
7575 5
4949 1
774 7
414 5
7520 0
5076 2
947 3
8149 1
7931 5
3486 3
3148 9
1617 2
8327 9
4185 8
9951 1
6398 0
3592 8
5861 0
3556 8
6173 4
6418 8
778 7
2136 1
6189 6
8871 2
7150 3
3219 8
1331 8
4220 2
3204 0
3592 1
5532 5
4434 4
8866 2
8024 7
7824 9
9419 8
7272 4
8426 4
85 7
3727 7
9781 7
4608 3
7632 5
6737 7
6193 0
5456 5
966 4
3152 5
2741 7
2346 3
8213 1
4611 7
3958 4
1211 6
9941 9
2642 6
7127 5
1976 8
1152 1
6590 3
6138 0
1540 6
3812 4
7960 2
1310 3
1699 2
4766 0
9731 8
2903 6
9060 3
3895 9
7548 6
8184 9
8188 5
2682 5
3864 1
1321 8
7172 7
9595 7
4067 9
6329 8
5556 6
8080 0
1323 6
5913 3
5112 4
2353 3
9863 6
2983 5
8810 4
5912 2
9929 6
9544 0
851 6
3241 2
9047 5
2659 9
7010 5
4312 1
8330 7
8041 1
9404 9
21 9
8972 8
8721 0
4696 4
8802 9
3943 3
8666 9
6986 7
9617 5
3471 3
4282 9
1763 3
6237 4
1956 1
6795 1
6404 4
3235 0
6154 0
1399 2
7458 2
7353 4
6486 3
5259 3
6630 4
4030 0
8096 2
8003 5
5067 0
7676 5
1833 4
8947 2
7671 7
3216 9
452 8
3226 6
6308 6
7682 1
6508 9
3336 8
7887 2
7934 7
7934 6
2998 3
6431 7
5511 5
2426 5
946 3
3388 4
6906 8
9821 5
2869 8
1704 7
4312 1
5215 6
9032 5
6860 8
7934 8
6220 1
4795 1
4707 9
3074 2
2575 7
4456 0
5891 4
7743 1
2795 4
8901 2
46 9
5319 0
1860 1
8288 9
8660 0
9095 3
7639 2
7081 1
9826 5
4071 0
2678 0
5967 4
2690 3
5365 0
9125 7
2567 2
50 5
8870 6
6602 4
9637 2
1421 3
4097 2
8172 0
3092 3
7297 6
2059 7
484 8
9455 9
3423 0
8096 8
6373 7
435 1
7578 6
3422 1
3157 0
4862 5
5770 1
8689 9
6012 3
6261 1
486 1
3536 2
5086 5
1819 1
6342 8
3404 5
5909 1
6592 3
3076 2
4847 1
7558 1
705 7
1414 6
1616 9
99 0
3921 9
4622 6
7793 4
3916 7
6426 2
4972 2
5496 4
6847 9
9909 4
4511 4
6088 3
8690 4
4147 9
797 6
1432 8
3563 2
1161 6
5013 3
1094 9
3562 1
49 5
6155 2
6406 5
5755 6
195 2
6328 7
4866 5
4200 0
1192 9
2240 8
4073 7
6154 7
8834 2
1001 9
9206 3
8050 0
850 2
4673 0
7272 6
8473 8
3477 4
6296 9
2518 6
7572 5
1852 4
2327 1
7278 5
7647 2
9332 8
3613 3
4395 6
7275 6
4217 5
6352 2
701 3
3219 4
1266 3
5083 9
1127 6
5059 2
4959 5
7589 4
999 6
3109 5
5141 2
1266 8
2628 4
4354 7
7035 9
4944 6
7 5
5082 8
1301 7
86 3
9916 7
1497 2
3516 1
8913 9
8720 2
5867 7
2829 0
6933 8
2333 4
2321 6
9134 7
2724 1
2046 8
2466 9
132 9
3385 3
6610 9
5930 7
550 8
5178 1
5684 5
8442 4
3560 7
3749 9
8561 6
5917 6
5055 3
4653 1
5162 9
294 5
8671 9
9047 9
9202 2
908 3
4571 9
8101 3
9343 0
981 3
9473 8
8136 4
4730 2
901 3
3419 6
8565 3
4666 3
2092 0
8630 0
2816 6
6125 9
5242 1
6515 0
4931 8
8327 2
7432 4
2436 0
2524 6
1662 5
304 5
8549 5
5962 2
3679 7
8841 0
7585 7
4775 9
8015 4
7834 0
3033 6
8105 4
8030 2
5373 0
9173 4
755 3
1406 5
9087 2
9838 7
7683 0
3097 2
7634 8
1399 4
1295 0
7733 8
6205 7
2857 2
3850 4
7564 5
7677 6
9971 5
3421 9
6960 4
9233 2
8261 1
9360 0
7063 7
7315 0
9186 9
3090 3
722 4
3174 0
8136 3
1115 9
1356 4
5393 4
9428 1
807 8
9225 8
1837 6
5056 8
2714 5
8871 5
624 5
4794 3
5651 8
2722 3
5808 5
1878 2
1197 3
3752 9
1022 4
6421 5
1479 5
6246 9
1160 0
7468 6
8681 1
1681 7
2068 2
2440 5
4500 7
8595 7
1302 5
5342 5
6164 6
7101 7
2778 5
7893 8
9495 3
3817 4
9555 5
2303 4
788 6
5255 4
3893 4
411 8
1453 8
5437 3
5416 9
4032 5
568 1
3107 4
3785 9
3781 3
3910 2
7759 8
9021 7
5754 8
5589 3
6347 5
234 1
1337 1
6333 8
6488 4
9679 4
3283 0
9503 7
4144 8
2413 7
978 1
2380 1
92 0
6861 1
9333 3
2684 6
7538 1
2936 8
5754 9
9676 1
8080 5
3036 9
3883 9
9696 7
9027 1
3582 7
6564 7
2854 5
2759 8
1247 0
4680 4
9408 2
1652 3
7225 1
7273 0
2072 4
8863 0
9805 5
8223 2
7806 0
1215 9
2850 8
143 5
9892 9
8729 7
6132 7
7979 9
6883 3
5631 0
7790 0
1919 7
275 8
9120 8
8348 5
7894 6
6860 9
736 0
9208 5
1604 1
2619 6
3327 7
2968 9
4478 4
6935 9
3964 6
304 7
5145 7
9026 3
9036 4
9017 1
7121 4
1943 1
989 6
6474 7
43 1
2021 4
7653 1
7334 4
5028 0
3936 4
1728 8
1751 1
6612 8
4675 3
1272 5
6330 7
2250 1
9058 9
5443 1
8432 8
8385 9
9567 2
4158 5
296 3
9807 4
8187 8
497 4
9747 8
2425 0
5198 2
1634 2
6406 4
5183 4
2111 6
2548 8
9086 3
2418 5
5873 2
9167 9
7554 0
8613 1
3783 6
7802 8
6671 7
1392 0
6723 5
5957 6
6533 5
2848 5
7264 9
3830 3
987 1
5407 4
5765 4
8883 7
9215 3
2673 4
3464 0
9097 9
6247 7
8179 4
5118 1
1461 3
7913 6
9233 0
9623 3
2037 8
6838 4
150 2
1369 3
2380 1
8608 4
1458 3
2541 1
2889 6
6403 3
9267 0
1126 9
8664 9
161 1
6401 9
5493 8
7651 5
1084 4
7687 8
345 6
8259 2
4655 6
6008 1
415 7
1330 6
3173 3
3967 6
4382 1
7122 7
6164 1
2000 9
7084 2
6448 0
6464 5
2516 8
3740 4
5692 9
4957 6
5571 4
3202 7
8696 2
204 9
6526 2
4544 1
1182 9
7300 0
2469 9
4936 8
5676 1
9786 5
4536 4
5341 3
2743 8
7503 4
1447 7
6237 2
4423 8
2338 9
9628 7
6151 4
5550 5
4709 3
816 3
1785 6
4529 6
830 3
5102 7
3125 4
6958 6
7173 7
4793 0
9797 3
3035 5
5637 3
6968 5
8796 8
5823 5
361 9
9811 2
2395 9
7132 1
9968 4
7044 2
7129 7
5375 8
2738 2
9992 8
9355 5
5419 1
206 5
8040 7
9413 9
7733 2
7769 9
6927 3
4361 4
4595 8
474 3
74 4
6261 0
7937 8
8590 8
2498 6
8515 7
6278 4
3898 8
1893 6
1022 9
1704 0
7180 4
4872 7
204 1
3801 7
8040 1
8068 5
5431 0
5140 9
7808 9
9225 0
6793 1
3803 0
3186 2
9907 5
2966 7
7086 1
1969 9
7700 1
5519 0
8298 7
5002 4
8117 6
9210 0
9421 3
3267 2
8838 1
89 1
3883 5
919 4
4476 8
1660 7
4911 0
4796 6
3712 6
2835 3
4293 7
1236 2
5606 2
3456 7
1278 2
2650 6
2685 0
9106 5
1070 0
5513 2
617 1
5797 0
5360 7
9706 8
1836 2
6883 3
526 9
7785 1
249 7
5487 1
2149 3
3103 1
5479 5
5163 4
986 9
5839 2
521 0
2986 3
1735 1
6842 8
2466 5
5334 8
5704 9
6018 3
3101 7
5350 3
5385 3
9943 6
8033 3
4688 0
1990 5
7036 2
6460 4
2865 9
6676 4
9569 9
1041 7
9241 6
8412 4
6181 6
9094 2
923 3
3845 2
7451 6
795 6
5121 7
6378 6
6461 6
8394 2
2516 1
6397 6
6343 8
8231 6
2144 8
4561 3
8454 3
7728 8
1150 9
4758 3
8793 3
6592 6
8988 0
9506 1
2801 4
573 2
8321 5
1609 4
9817 2
5797 2
4951 7
510 9
2155 7
7661 1
95 7
5445 6
2026 4
3900 8
5065 0
7243 5
8963 6
3366 7
7775 2
4905 2
2298 3
8653 8
4049 2
8900 1
3296 7
3992 1
2896 8
1650 4
8996 3
431 3
1816 2
9454 9
5616 0
3487 8
4309 2
1325 0
2662 4
8914 6
9251 7
2563 9
5639 2
5411 7
6255 5
2886 0
4836 8
8702 3
1672 1
920 9
3751 9
2671 4
8818 0
6806 0
6165 3
8757 7
9376 4
5642 1
1396 0
8139 9
7487 1
3313 9
7126 2
3628 5
4106 7
8377 1
4004 9
3136 0
4484 8
900 5
5975 4
1408 2
7063 4
1292 0
2828 6
2418 0
2983 1
1909 1
5769 2
6908 6
6806 0
6379 8
5562 7
3966 9
1625 5
7354 2
9810 2
3055 2
472 0
2730 2
1523 3
3009 7
5090 7
8552 2
7606 1
4397 1
1617 4
8395 5
8543 2
6750 9
949 1
8447 7
9507 9
1149 0
8830 9
1397 4
146 4
4479 3
7959 9
3563 8
8666 1
2253 0
1076 5
1251 4
4540 8
4018 7
4248 2
1261 0
5105 5
7734 5
6267 8
3285 8
9867 9
1461 6
417 5
7046 9
9188 8
1175 9
9178 8
6276 3
8296 6
5505 0
5328 3
521 7
3435 4
8145 2
1401 8
1876 0
8562 3
491 1
4285 4
4496 9
1001 4
8528 5
1711 2
911 7
9376 3
7245 0
3000 2
2930 6
9104 4
3483 6
6996 4
8005 1
6729 1
537 5
7596 4
9474 3
1738 6
9779 0
5149 4
5546 1
3477 1
2927 7
775 1
7159 6
1062 4
2344 0
848 8
2400 6
6604 7
8911 0
1624 5
9420 4
4499 3
8293 6
2722 2
1039 4
8654 2
2550 5
1814 0
392 4
3855 4
4123 3
2482 9
3116 3
3707 3
4112 7
5966 4
9649 7
1706 8
2926 7
3548 0
3336 8
3262 8
1427 8
5916 6
4444 6
6968 4
6840 7
1602 6
2066 5
164 5
3184 9
8100 3
8257 3
2559 4
4161 3
7652 2
1337 3
1140 5
31 4
7963 4
7353 7
9075 8
819 1
8008 2
6148 5
6310 7
7329 8
7082 4
747 0
9859 7
6079 1
2369 1
8370 4
2688 3
6004 6
6094 7
7143 5
7669 6
124 0
2432 6
5795 0
8649 8
7124 9
5567 2
6504 7
4526 0
4502 0
8397 6
4805 8
9715 6
9251 4
6497 9
9484 8
674 1
854 1
4011 0
7577 3
1826 6
2466 3
3882 8
8502 9
6747 9
1799 6
3198 6
7288 1
1202 2
295 5
7064 1
3556 8
9096 8
9159 3
1957 5
2993 3
2442 0
8513 2
3769 1
4185 1
8244 9
8007 7
8020 3
5409 3
4353 9
9869 1
439 1
6476 0
2466 3
4690 5
9375 4
7917 1
6006 8
3631 2
8287 4
7662 0
7868 9
7437 7
3032 6
806 5
3105 5
9569 2
5560 1
3352 0
4482 7
9905 0
6326 8
1803 3
1457 6
1490 0
9778 3
5583 9
1757 9
4086 1
4456 8
7753 6
2831 9
2260 4
5007 5
5755 4
4653 3
7754 0
5007 7
3856 9
7311 3
6230 6
4567 0
5905 9
9702 0
778 5
6950 2
6089 5
9973 3
7299 7
6558 7
8658 6
935 6
5359 6
5415 5
4430 4
5827 5
4011 0
2556 1
1839 2
3098 2
4384 4
4603 9
8018 2
6992 2
584 1
232 6
2491 9
5111 0
5404 8
5432 9
4518 4
5699 6
46 1
8017 5
3138 8
1659 5
4223 4
3330 3
1472 1
8501 2
9700 3
4439 2
3992 9
2543 4
5573 2
6007 3
6605 3
7805 9
9176 8
9833 6
4605 1
8920 2
9848 4
2309 8
6265 1
8682 4
9543 2
9508 1
238 2
2559 0
9369 3
9829 0
2553 7
8654 0
6425 3
4604 3
1220 2
8128 8
4434 2
3072 9
6983 4
8147 4
3717 1
4247 3
4377 6
9465 6
5491 9
6732 1
1757 8
9467 1
6315 1
1832 2
6724 5
3128 7
4567 1
6727 7
9704 3
3767 5
5454 5
7019 0
3618 4
5957 9
4158 8
7928 2
5664 7
6354 6
2948 1
2705 5
2452 5
7517 8
8527 7
9339 2
9914 1
6692 1
5312 1
5546 6
1162 8
8363 1
6014 2
8481 8
7332 0
1480 7
5041 0
4872 8
831 8
2632 9
8067 8
2368 6
5405 2
9866 2
1512 5
6825 4
1580 0
5088 4
2725 1
8994 0
7024 8
1122 7
5620 1
7939 9
6770 8
1122 6
9014 5
8101 2
6203 1
6162 3
2181 5
7007 1
4163 7
5859 4
5387 0
5889 9
9761 2
2921 9
7442 4
894 3
5035 0
5742 3
4851 0
5000 5
2080 2
8171 0
4971 5
8220 1
1990 9
3374 8
6038 3
4050 6
2186 1
6792 6
2676 9
5154 1
952 2
8001 1
224 3
6506 3
2462 9
2776 2
2324 5
4723 3
4007 1
7079 7
1454 2
7467 1
6378 9
1247 3
3476 8
3304 3
7336 6
9924 2
7953 6
832 8
3256 9
5693 6
304 1
3949 7
6701 2
2778 0
1952 7
9918 8
5187 6
5373 0
2324 3
416 4
6572 9
5558 5
5086 2
5849 7
1031 8
4422 1
7043 1
1649 5
5518 4
6722 0
5435 2
1096 9
6878 1
7126 1
1094 0
6093 0
9064 1
9586 0
5594 8
2088 4
7136 5
9780 3
3052 7
1171 3
4397 0
5236 8
6357 9
8811 4
8631 5
8645 3
5280 3
6443 0
2567 4
2908 5
1719 1
9628 7
1984 2
3351 0
2711 7
6808 8
538 3
7507 0
4839 7
3817 9
2632 5
1944 9
9777 8
9012 3
8795 8
722 8
5036 5
2160 3
520 8
6266 3
6574 8
1368 0
8887 9
2838 2
6434 5
6113 4
428 3
2964 6
9127 9
7315 3
3416 0
1399 3
7081 8
3896 4
1085 4
424 6
1574 9
2562 4
4137 1
1008 0
5872 6
6758 3
2712 5
8376 1
2608 5
4196 0
826 2
511 6
7216 7
3743 0
5814 7
948 2
5074 9
3150 0
1207 8
2075 8
8721 7
7398 6
3398 8
1172 1
9624 2
2356 5
9985 9
5869 8
9377 6
6798 6
7372 0
4251 8
6029 4
8221 3
2845 7
59 3
3871 6
2066 3
5595 4
3018 9
6311 2
1260 3
5516 5
2264 5
3547 4
1159 5
2149 5
637 8
2997 9
407 8
9878 7
8238 1
2570 8
1265 3
7567 2
2984 5
3126 7
341 4
8862 1
2482 0
2242 2
9745 8
6678 4
1510 8
5548 3
580 6
3665 4
9234 8
4418 9
613 6
4544 8
7870 1
1586 5
1935 4
5081 5
9734 1
6914 0
6648 7
8130 9
5107 7
7184 2
8250 4
1711 6
1638 9
8448 1
296 9
453 5
5673 3
4911 8
6688 0
3061 7
3367 9
3732 8
9280 3
7476 2
303 4
4365 3
9634 1
212 3
9543 4
4216 2
6015 3
5624 0
1476 1
4513 2
2184 9
3275 4
4511 0
9447 8
367 3
7505 8
1522 6
1603 5
5022 7
6026 3
3565 1
8945 1
6605 0
1029 0
4001 3
7172 8
8962 4
9952 0
1178 0
8527 9
2280 1
3404 6
7292 6
1412 9
1571 9
5321 4
5225 0
9304 1
693 1
7676 4
9109 9
4621 6
5888 9
9195 6
6356 0
4663 4
8883 6
1664 1
7734 2
4596 0
8713 1
8620 4
8063 3
2802 8
5299 8
9968 9
2404 4
384 3
6964 6
593 7
6859 4
3348 0
5117 0
5179 8
8903 7
3309 8
6787 7
5670 7
633 0
8915 2
6674 0
1615 7
970 4
2536 4
6147 8
5011 1
1869 6
3689 4
7974 7
9101 7
7927 4
9489 7
5598 1
3005 5
8471 2
2390 6
7506 7
1140 6
2880 5
9659 0
7844 0
2545 0
2316 1
6359 0
3436 1
9809 2
1300 1
4850 2
1310 3
1848 9
1864 7
6266 3
6248 8
3803 4
5641 7
1336 2
8329 8
9836 7
1563 9
5654 3
5379 3
1840 7
2786 9
5262 6
2962 8
4746 9
4050 0
8381 0
4171 8
4014 3
8192 2
4363 5
116 7
4313 2
1395 7
1002 2
7987 8
3851 8
5417 9
763 6
3185 7
1092 7
2884 2
8023 7
472 9
3316 2
5211 1
5407 3
8635 6
6902 5
5432 2
4877 5
7570 2
1248 5
6576 9
5167 4
8231 7
682 0
1210 7
2920 8
9709 6
1972 2
4044 8
6871 6
2839 0
228 9
2344 5
1068 0
2651 5
9495 0
851 2
1323 0
4083 8
4335 7
1104 4
1865 1
3114 8
5340 9
844 2
1555 9
5789 5
2963 5
9288 5
2578 2
6442 0
8010 5
7797 2
7163 7
5087 1
8059 5
4098 9
5095 8
8908 8
6267 3
370 2
9522 9
3935 0
4431 5
9256 5
1665 8
5813 1
1256 0
6731 6
3542 0
1722 7
3932 9
4672 5
5037 6
9950 4
6892 0
9515 9
2148 4
790 8
1782 7
8265 1
8231 9
9350 9
9837 2
7914 4
1363 2
5343 5
1734 2
8114 9
5244 8
5321 7
5851 4
8628 1
8781 6
9666 6
9998 8
4364 6
2149 0
9617 4
475 4
6064 2
8701 5
3504 4
5057 3
7386 9
6279 1
2848 3
2116 0
5508 3
937 8
979 3
2614 1
4305 2
8396 9
3702 1
2900 3
9219 0
1967 2
9110 0
885 4
6205 5
9304 0
581 8
5790 0
3987 1
4852 5
3428 2
3930 2
140 7
1339 0
5732 5
9960 6
6727 2
1873 2
1781 9
1342 5
2956 6
1881 5
3840 2
473 5
6932 7
5252 2
6518 7
319 6
6402 9
2425 1
8865 0
8764 0
5155 3
3308 8
7029 3
8832 4
353 9
2818 6
506 8
9076 7
7174 5
3847 7
564 7
9493 9
2211 5
6111 2
7124 9
6436 2
7672 1
705 0
9267 2
8370 3
8947 0
1652 6
4304 3
6325 8
9970 4
4287 2
6256 0
9823 7
3796 3
5837 1
7163 6
7311 0
3113 9
9316 9
7362 8
8293 4
7566 0
9001 9
6301 2
5298 8
8713 7
2761 2
5591 3
6594 6
1668 3
6752 5
6584 6
6491 2
3503 1
3854 4
4011 7
970 1
6566 9
5360 6
1811 0
899 1
8404 6
3274 9
3338 5
4881 9
3371 2
7344 3
1774 2
8165 1
3699 6
6244 5
8669 0
4870 1
6806 1
5695 6
8146 0
5047 1
2604 5
7157 9
3107 7
9509 8
6295 4
966 1
9967 7
9668 3
1369 4
2365 5
3830 5
2599 7
2084 1
2579 2
9352 8
1457 2
7409 5
1253 6
5572 8
8076 6
6643 7
8827 4
9992 3
1433 9
1648 1
4685 3
8162 9
7760 6
2882 9
7544 1
4524 7
9099 7
2792 8
4142 4
5858 3
8262 2
6098 5
9012 6
6946 8
7450 8
439 2
371 7
4140 7
4677 8
7990 4
3408 5
990 6
2068 9
8689 1
1628 1
9174 7
3835 8
3595 1
7871 2
377 1
9881 4
2262 8
794 1
7117 1
3327 5
3446 6
6223 1
9967 2
1841 9
3701 9
7349 5
6549 5
9590 3
9048 2
3897 2
9613 2
7641 6
4540 8
3597 2
6047 0
2035 7
8030 6
8421 3
993 2
8301 1
10 8
8689 0
4370 4
8152 6
9187 7
2591 5
7707 1
5691 1
8480 9
6893 1
8805 9
3207 3
7822 0
7556 0
7159 6
2228 6
3797 2
2277 0
3595 7
1899 0
551 6
3023 8
7836 7
9375 6
630 7
4569 1
5505 7
2386 0
5407 5
2694 4
6737 7
9519 2
5343 5
1219 5
8761 4
7564 1
8054 6
711 1
6605 4
5435 0
889 0
9596 9
1969 1
1141 6
318 1
5589 8
4428 7
3507 2
7396 0
3130 1
5797 4
8227 5
9695 3
2983 8
6326 0
3773 0
9979 1
3214 6
8327 9
678 4
4800 4
4683 6
9103 9
6927 0
3140 8
4491 6
1602 3
5006 6
2337 3
202 8
8204 2
431 9
8122 4
8198 2
4578 7
4297 7
9696 8
7092 1
9687 1
6831 0
6283 2
5716 8
6005 7
9072 6
6881 6
3833 4
9418 1
5949 2
4028 4
8741 4
1185 4
5680 5
3787 6
6533 2
6448 3
6827 0
6827 9
2473 5
6567 2
3814 0
5840 1
5657 7
3501 9
8355 7
3025 4
7307 4
2620 2
9125 1
7041 9
4453 9
1008 6
9988 3
9869 2
7838 9
9446 0
5948 1
1049 8
8348 9
8729 7
2302 4
8359 8
9599 1
6359 2
8352 4
764 0
8438 6
7735 4
9571 9
1772 2
8008 0
1791 8
8328 2
8626 5
3775 4
4292 9
3165 9
7608 0
929 2
6845 8
6851 7
4505 3
8763 8
2028 9
4102 6
8588 8
7650 6
9790 1
2364 9
428 7
3244 0
8225 3
9892 1
7411 9
9045 7
3594 7
2547 3
5592 0
6135 8
63 9
528 9
1367 7
5869 5
2050 6
9449 5
7931 1
1822 9
4871 5
9640 0
3758 7
1456 2
247 6
2929 1
6407 3
692 9
5523 4
9468 0
6513 3
9522 0
8022 4
9010 0
9747 3
9506 2
5497 2
8782 9
499 5
4380 2
8003 7
9086 4
4321 4
8928 8
6186 9
424 3
1926 0
3289 0
6437 8
2587 9
8688 0
3082 7
7155 0
5769 3
5211 1
9149 9
9843 7
2963 8
4822 4
6652 3
5627 0
4344 9
2672 5
272 4
9452 7
3192 1
2936 5
3671 7
4614 1
7547 3
8831 5
2842 5
649 0
3862 4
7890 4
6139 1
2013 9
3573 7
6577 3
4477 1
458 1
4210 7
7867 7
7062 4
3434 5
4200 2
7270 3
4587 0
8112 9
9296 2
1937 5
6751 4
1681 1
9818 3
1605 5
502 1
7458 6
3133 7
1052 5
7256 3
3361 9
1383 2
273 3
4347 8
4578 3
9619 7
3836 2
9417 5
4374 9
5709 6
7497 3
3059 7
5380 2
5425 1
9926 6
9309 2
1962 5
8884 2
4069 4
4705 8
7225 0
9189 8
6318 3
7641 5
6773 8
3331 1
9740 0
5834 0
6137 3
6627 7
7827 3
9023 7
3899 6
5395 7
3343 6
934 9
4526 7
9067 6
4103 4
1177 2
5077 0
4304 1
3549 7
2919 1
130 8
6601 0
8115 7
598 3
1841 1
4494 9
7746 9
1885 0
7193 3
7293 2
1893 9
5963 1
2709 4
2473 7
8962 7
4146 6
4038 4
7741 4
76 0
1514 7
6684 5
4789 2
169 1
4488 5
8309 4
4604 9
195 0
9105 0
2854 5
7472 3
4678 2
4994 4
7345 8
5321 3
2028 7
19 6
2185 9
5772 6
4413 3
1303 0
9900 7
9320 4
2620 4
6213 3
5289 6
1670 4
3278 7
2693 3
115 0
5263 2
6494 1
3278 0
4190 8
7662 0
4687 2
6513 9
3824 6
3822 7
3643 0
1995 3
1871 1
8060 5
5687 5
3162 4
7226 2
6667 4
8088 9
4397 8
3886 8
562 4
6633 5
8888 2
300 2
1122 6
3966 5
76 9
8176 2
212 4
3075 8
5262 9
4999 3
3046 2
5653 2
1412 4
2182 5
3625 5
9677 7
6413 5
2854 5
4913 3
3947 6
428 2
1977 6
6062 5
9006 9
5688 5
3107 1
9456 3
2892 6
7313 8
756 6
4516 8
1553 4
195 0
5800 4
1896 7
3150 1
5170 8
2838 0
656 8
6209 5
5596 2
9368 7
2165 8
8079 3
3038 6
7779 6
2761 7
1946 1
493 7
6597 5
72 4
7748 7
2670 1
6271 0
528 1
5598 8
1816 5
920 1
9538 3
2637 1
2557 2
1242 5
201 6
8981 7
6589 1
505 3
2262 0
5465 0
4786 1
5132 0
1964 7
2518 1
999 9
5069 7
6508 9
1981 6
4536 4
2866 7
3483 2
7505 6
2380 8
4330 9
1387 2
6190 1
9750 0
7192 7
8615 1
9994 5
235 0
4297 0
1194 1
1231 6
9335 3
8943 7
7917 8
7386 2
4155 8
8420 3
2828 3
9755 8
3135 4
7791 6
2772 4
8126 2
4642 7
7082 3
8153 6
5210 0
7297 7
9873 7
3172 8
3113 1
2663 4
3721 9
3412 6
2569 6
341 5
7737 7
3646 4
3851 5
5634 6
2980 0
1064 4
4180 7
3515 7
6134 5
3433 2
5709 4
923 6
3795 7
382 8
9288 8
4898 0
3043 2
8892 8
7294 2
3854 4
1990 6
5585 2
539 8
677 6
6372 5
425 7
3493 8
9704 3
6233 7
977 5
4850 7
6952 4
5551 0
957 1
8630 5
184 3
1266 8
139 8
8982 8
5647 5
7235 4
1865 3
7655 7
6660 4
3033 5
1819 9
1547 7
9789 4
9976 0
7110 9
7703 9
7565 0
5748 6
6180 4
8070 0
4185 7
1811 5
8700 0
5530 3
7241 8
4248 6
8407 2
3641 0
2062 3
9000 5
8800 8
1148 6
7428 8
6617 0
7605 0
1269 1
6761 2
1538 3
8023 5
9215 9
9061 6
3444 9
5381 1
826 4
7267 5
4752 2
5700 2
2124 5
6823 5
8414 0
4047 4
5989 6
6830 2
9362 6
1368 9
2323 6
4132 9
6482 2
4850 2
635 5
7173 1
3685 2
6087 8
6257 4
9982 5
7021 2
7287 8
5076 4
389 7
2179 3
2216 4
3289 7
3076 8
8698 5
6041 9
1038 4
5158 2
3525 2
891 3
313 8
6031 5
6316 5
2773 0
9071 5
4798 1
2030 7
9957 7
3632 2
8667 6
9128 7
9737 0
8193 0
4608 2
7070 4
4990 2
3594 6
6728 3
7059 7
8208 7
4699 2
9319 3
1025 4
7671 3
4727 7
8930 0
3420 4
4654 2
8654 5
6931 6
1111 0
3022 4
625 1
8402 5
1077 6
482 6
4437 1
1513 6
8374 6
9407 4
2606 1
7606 9
5790 4
9566 8
1949 4
5130 1
158 2
6457 4
9960 4
2457 9
5640 2
2153 8
7133 2
6438 2
3164 8
4242 1
6189 2
3429 9
2830 3
8556 6
2242 9
3474 6
1041 9
6384 2
4640 7
6183 3
4197 0
8508 0
9223 9
2320 3
7673 7
5750 3
9867 3
5271 7
8742 6
1431 6
6413 5
6970 6
8771 5
7513 8
6003 4
7679 5
2325 0
7800 5
4272 3
509 3
1246 5
8837 4
3735 0
7097 7
3747 9
3522 7
5819 9
6989 8
3222 2
1587 4
1537 4
7397 3
9564 9
1114 9
5330 9
3103 5
6213 7
5146 1
7106 1
2418 8
8088 9
4365 6
651 9
92 2
3848 9
2772 1
1482 6
2240 7
7755 5
5430 3
8919 8
2578 4
5903 7
1703 8
4643 5
1146 1
9935 2
5947 1
9841 0
2848 9
9744 8
5179 5
6503 1
4190 9
5412 8
3501 1
6542 8
9815 0
7025 9
1092 2
8059 1
7890 8
8400 1
1981 8
524 0
7195 7
2489 5
4152 0
2887 6
7965 4
3658 1
2754 6
2229 9
4705 1
3033 5
4907 9
9309 0
1742 7
688 7
7380 4
9203 5
9215 5
911 6
9277 0
4367 9
7132 0
1927 6
9141 6
9169 1
5887 9
6817 0
5598 4
5398 7
8042 2
3885 6
9651 5
9413 2
5512 8
2745 7
5623 6
99 3
7047 3
8792 4
8018 2
905 5
8647 9
1173 8
8161 8
9958 4
9705 3
8103 6
7027 8
9823 1
816 8
861 1
3351 1
5730 9
8923 3
3517 2
5804 0
9228 5
1537 8
7683 0
4651 1
4823 6
8140 8
7942 1
7977 3
6761 9
3732 7
3860 9
2074 9
2292 7
3601 1
9432 5
5120 7
8812 8
4432 2
5298 8
351 9
6654 9
4118 3
2900 5
3578 3
1828 5
6264 4
8307 8
6859 0
3032 1
5947 0
6715 3
1622 9
1752 0
9313 8
7528 4
7962 7
8661 4
830 4
4958 8
6962 7
3547 9
9537 3
8869 0
9609 0
2123 4
9962 3
2838 9
2788 3
8136 4
2233 2
5908 4
6239 6
7697 8
5842 4
7487 2
5192 4
4709 8
7007 6
3745 7
818 1
611 8
6833 3
5018 4
5135 8
1438 7
5962 0
5853 4
1158 8
3593 2
6072 0
4773 5
3005 9
9086 5
8914 3
2785 5
9624 0
3611 1
2065 7
7784 2
1828 3
3154 6
2640 0
6795 4
9090 0
7720 8
3289 1
1777 0
6361 5
5813 7
4159 0
5422 1
6081 5
7833 5
6915 4
2218 4
1142 0
862 2
7424 7
2888 2
2568 4
5926 8
6237 4
2615 8
8507 3
4735 6
1275 0
8830 1
7937 1
892 7
2194 1
7747 4
8205 3
6937 2
191 9
2812 8
2192 2
4901 9
4073 6
4938 1
2916 9
7168 3
19 5
2793 0
1769 9
4774 5
6905 5
781 1
6674 1
283 2
7765 9
8378 9
559 6
4791 8
5413 9
7753 1
7038 9
4190 2
3949 4
4315 2
857 6
918 1
4289 7
1655 6
2054 3
3061 2
6648 2
3610 2
882 7
2983 3
442 4
5412 2
1280 3
8408 7
1590 7
7499 2
7274 7
1728 1
9009 7
5152 3
4517 8
6384 1
6031 5
4355 4
5903 1
2049 6
1220 0
2529 6
698 8
9874 0
8955 4
4820 4
5951 0
5206 9
623 1
3978 3
2573 9
9327 2
7969 3
6641 6
9413 3
1487 0
5799 1
1249 6
4780 5
955 0
7347 4
4238 0
3558 2
6009 5
64 5
4063 3
7222 8
3649 1
1141 0
8532 7
1600 3
1105 5
2776 4
8403 4
9341 8
4557 5
1000 3
6310 7
5550 9
8502 5
7440 1
5943 4
9658 7
3164 7
7625 9
5664 4
6691 3
9164 3
3525 9
7476 9
3774 1
6097 1
459 8
2945 4
2079 5
5880 2
1964 2
9804 0
7920 6
5574 5
1268 0
7048 9
2735 0
8704 7
4045 2
4414 6
1597 9
2014 6
5104 4
3937 0
4594 9
5330 1
3936 3
2348 3
3902 8
5560 6
3429 2
7856 2
4284 6
8927 0
9959 5
9963 9
1293 9
468 2
728 3
5293 3
2769 4
640 2
5662 5
5587 9
7894 4
3388 5
7265 7
3115 9
1519 9
1822 8
5351 3
1032 8
9188 6
623 4
3129 9
3220 0
3473 1
4046 8
1601 5
7117 9
984 9
2319 5
2264 4
1985 3
6219 1
1068 1
1875 6
8288 9
3548 1
2925 9
4508 0
6007 8
1534 3
1805 5
3550 4
7754 5
2115 2
7546 5
1403 5
6676 4
4093 6
8380 2
8691 1
8329 6
3630 5
5299 9
2817 7
4642 9
3781 4
3670 9
2879 6
145 1
3356 5
9378 9
9213 2
7642 7
5021 8
5489 7
2605 3
9442 9
4853 5
1714 8
8965 7
2958 4
8026 7
1779 7
2156 7
1622 7
6780 6
8659 3
2346 9
7495 0
7355 7
4879 4
2044 7
7391 9
4740 3
4226 7
4924 1
2986 5
2333 4
1176 1
947 0
5564 7
6798 8
800 6
5329 6
7460 5
7596 0
1193 1
2971 8
2536 0
157 1
2477 8
3368 3
2529 5
3441 3
1065 7
7947 5
9955 6
2012 7
7595 4
6259 1
4462 8
6400 8
188 4
401 1
2532 3
2260 0
1506 8
7945 7
4057 2
5504 5
2734 2
4977 9
7779 1
854 4
9374 5
967 8
4706 8
7524 3
1892 4
3647 8
4783 1
623 7
5288 7
4324 0
8985 4
3395 4
8503 0
8478 2
3718 6
717 8
3258 6
2222 7
2802 3
5502 2
1435 4
5377 9
9313 7
829 0
1550 7
4622 0
7440 9
5274 4
2121 6
23 4
462 5
61 5
4152 5
5156 8
9620 3
4491 1
2234 1
9559 4
9363 4
5319 1
9815 7
738 6
1866 0
982 3
865 7
4891 6
3709 1
2101 6
4103 9
5034 4
1930 2
1269 7
3190 3
7806 5
297 0
5268 7
1013 8
4243 2
4497 4
3536 3
4242 1
7776 2
8716 8
7844 0
9658 3
717 9
9173 1
9484 7
6317 2
2845 8
2868 5
3101 0
2319 6
5455 5
7198 9
1700 0
6436 1
9845 0
4408 9
9222 5
5221 7
6020 6
9735 5
8737 9
9121 6
6555 1
1178 4
607 8
8654 7
9711 1
2566 2
3591 0
1660 0
2953 7
1383 9
3221 7
3573 7
3576 5
9280 6
675 6
8239 5
5980 0
2670 0
8899 1
951 0
1518 7
9523 7
2601 2
3422 5
5274 9
2924 1
8398 9
3392 9
8125 3
1161 4
9658 2
6688 3
3498 6
6760 3
7760 1
1738 1
6664 0
7791 6
7555 6
5075 1
2430 3
890 1
3516 7
7272 6
7192 3
1874 5
537 6
1246 9
354 6
3985 5
5717 0
7826 3
7358 1
4456 7
2017 7
1917 2
8423 0
2323 5
1597 5
9752 6
9619 0
5812 4
9784 6
717 0
9230 8
5823 1
2103 9
5377 2
5864 7
4218 1
2660 9
4151 9
1278 9
6974 0
3873 5
7431 5
6499 7
6086 5
4602 3
3829 1
952 3
8688 3
1390 0
9930 9
4685 0
102 4
891 7
3719 0
6437 5
3285 9
9363 0
6592 3
1330 0
4801 4
3281 0
7409 2
3444 3
894 8
662 0
8587 0
9905 7
5787 3
5175 3
4350 8
3884 5
8688 8
9975 3
1655 0
7395 4
1923 0
5812 5
5773 4
2898 7
877 7
7010 5
9605 5
7245 2
39 1
4455 3
8775 8
6229 6
613 7
1561 8
2625 9
1542 0
1274 5
8972 7
4850 4
2145 1
665 7
2231 6
1583 8
6210 3
1521 7
3844 0
6252 4
5959 3
4579 9
4818 8
2872 4
4874 1
6149 6
3774 3
6567 9
7771 5
9297 3
2363 1
5989 9
4624 1
1252 8
7119 5
5715 1
3933 6
9964 5
3198 5
9654 3
8479 6
2800 0
508 4
5060 2
6578 2
9581 8
912 3
2003 4
7710 5
4979 3
7057 4
7135 9
5599 4
2891 6
3715 1
6268 2
5909 5
4621 5
8298 5
9062 9
6716 8
1835 5
5688 7
418 0
4904 5
7558 8
265 6
6777 4
9271 3
5314 5
1866 8
8814 5
5783 7
2369 5
8526 6
6559 2
5944 5
6323 8
2622 2
3914 8
4399 2
1961 8
3737 8
2259 9
8684 0
6681 5
9759 3
7998 8
9905 6
9282 8
5067 4
2255 8
8543 4
2245 5
290 8
1398 7
9281 7
1290 9
6232 0
1543 7
4795 3
6764 7
9365 1
2875 2
7113 7
8429 6
2785 5
3095 9
9851 3
65 8
5832 7
9003 0
9200 9
5820 2
2082 8
2289 9
5009 1
3836 1
8202 4
9489 7
2047 9
8037 2
11 5
4417 4
4055 1
9905 3
139 2
1871 7
4068 6
8725 9
5636 0
489 8
5511 8
1059 1
1443 1
1227 5
3615 2
6767 6
9067 6
232 3
5059 1
8552 0
8333 9
9561 2
9706 6
7924 1
5601 9
1449 1
9183 9
6976 1
4269 3
2556 2
631 4
9510 7
5959 5
8618 7
6287 4
4826 3
1712 0
538 6
9165 8
1499 5
3176 9
9920 4
1528 4
6975 9
9537 8
9601 1
9262 5
9590 3
9650 2
6320 3
7528 0
5393 0
4775 7
68 8
8626 0
2115 5
1711 7
9775 1
4460 5
5631 0
8734 8
8013 7
5251 2
4553 6
675 6
6697 6
2456 7
7764 2
4150 9
9235 3
4917 8
1275 8
6833 4
136 2
5822 8
9489 4
6768 5
5259 8
2356 8
5495 1
3079 3
8241 2
3929 5
3034 4
9495 6
6935 5
6261 1
6054 0
7440 9
503 1
2841 2
289 2
7095 2
9994 7
2243 8
447 6
3676 7
816 0
9815 9
4980 1
1075 5
2505 8
1568 4
7890 5
9291 4
1372 3
7552 4
8954 0
3666 6
4944 1
5355 5
1964 0
6523 0
1611 8
920 5
861 8
4122 9
65 6
46 1
602 2
4653 4
7816 7
7579 7
8540 9
8483 0
7295 3
4289 3
6125 5
3963 1
2326 0
2590 9
4112 4
3721 3
9129 8
4289 2
481 2
5468 2
6729 0
8107 4
2963 9
2300 2
337 0
7795 7
3916 0
2894 4
2948 8
9110 9
302 5
849 3
3939 4
8063 0
5031 6
9806 5
8274 2
6865 5
7041 9
8996 2
8423 0
8730 3
6402 6
9248 8
5636 9
9092 2
3116 5
1748 1
9544 4
363 8
1265 2
7257 3
824 2
8839 1
3660 7
7872 3
9086 6
1451 0
6853 7
7213 7
5163 9
4371 5
7348 7
1949 2
490 5
6186 2
9296 0
1731 6
3043 4
2656 3
7763 7
4941 8
1502 5
3309 7
4140 1
4290 2
7276 3
3385 1
7918 1
6545 3
779 6
1187 7
975 5
3989 8
4382 5
6957 2
4711 3
9569 7
4518 5
4153 1
4099 4
8542 8
1429 4
5272 6
7059 9
8212 1
8289 9
2893 1
6382 7
7497 6
1814 4
2619 8
4788 2
7464 3
3458 5
7283 2
7446 5
9313 5
7613 2
6510 6
49 7
1579 4
7104 5
3727 5
646 7
1209 7
8398 7
9728 9
2327 9
3954 9
6544 1
2809 1
2642 6
3994 3
9925 7
3992 3
490 0
6129 4
3089 8
1716 9
8544 1
3090 5
4583 9
3621 9
5271 9
3504 7
8489 7
420 8
4911 0
1813 0
1521 0
5542 3
3969 7
7026 7
1844 5
6339 4
8004 4
610 4
8443 7
6682 2
2569 4
8015 0
3557 6
5448 3
112 7
9180 2
6349 0
7750 8
6451 9
1526 7
2739 5
7627 9
3543 9
9886 3
6744 5
70 7
3628 8
8342 6
2423 5
26 7
1821 3
7752 4
6454 3
7812 7
6930 2
8097 8
5786 9
135 6
6892 8
6497 4
6212 1
6390 4
7544 1
9147 7
2459 0
5681 0
9479 3
5491 8
8001 3
3179 9
1526 2
6876 4
7770 1
1810 4
8801 1
106 4
9001 5
1655 0
7499 3
6683 4
4413 0
4742 6
6822 7
9456 2
3877 1
8810 3
5199 6
2689 3
4763 2
6470 6
9771 4
8609 0
645 1
1948 3
2002 5
1348 4
6714 8
5566 1
7941 0
7416 0
1676 9
381 7
2717 6
8842 2
3119 8
5415 5
7039 0
5098 9
1790 3
5533 5
5198 5
126 8
9936 4
6778 6
949 1
5585 4
4732 5
4734 0
4508 1
8211 4
2794 9
550 3
9895 5
7450 6
3209 6
9333 4
5162 2
5424 5
9554 1
7578 8
9831 1
1536 1
2540 1
616 1
5536 5
5015 0
5599 1
2389 5
5235 6
8668 3
6867 0
3681 4
2229 1
8903 2
420 8
535 2
3515 9
4200 0
7925 8
1334 8
5381 6
904 8
1027 8
8529 3
9842 9
653 3
3145 3
1529 9
8269 6
9324 1
2444 8
772 6
4471 2
7180 5
7299 1
7808 6
4914 0
8555 0
9431 5
3878 3
2924 5
2655 0
8191 7
9546 9
8282 4
2572 1
9669 0
6101 7
5483 4
3729 8
1455 2
6361 8
1879 4
8389 3
5084 0
62 2
2750 5
8159 7
5460 0
8498 7
2774 7
7501 2
8972 6
6569 4
4020 1
5126 5
1750 5
2136 0
8879 4
8850 3
8839 6
4789 7
4643 9
8544 3
2088 8
1803 5
5712 6
5928 4
5241 3
9321 5
7842 3
9001 3
5791 4
1039 7
3596 7
8322 1
1189 4
8400 6
2516 0
7949 9
7966 2
2576 5
9486 9
9505 5
9243 7
4938 5
5035 3
5935 5
7521 0
1572 9
8742 0
341 4
576 0
4252 0
8085 9
1632 5
5816 0
7399 5
1147 3
4305 6
5334 5
8331 5
3040 3
6064 7
8784 3
8727 1
8563 8
446 6
2291 8
4544 8
5431 8
7175 9
6354 9
9294 4
6083 0
3968 3
6689 5
4465 2
2636 4
1068 7
4635 6
2207 4
950 0
6538 7
9684 0
2918 2
9334 5
675 6
8599 8
9253 3
3915 1
1621 8
9315 5
4830 3
3682 7
4361 7
7398 7
4149 8
6306 2
8613 6
3295 1
5218 5
7805 1
4305 1
4789 7
4365 3
5477 7
3449 3
4923 4
5484 5
5279 3
3984 2
6038 5
5280 2
1370 1
513 6
151 3
9908 2
5941 5
253 8
780 3
8308 6
3113 0
2081 9
3729 0
3960 2
6888 2
963 9
7642 3
9642 2
6006 2
9798 2
7130 8
3718 2
7953 1
7531 8
3893 7
5083 1
5130 7
9090 5
3277 5
8424 0
7828 8
9337 7
2046 0
4644 2
6294 7
2020 8
3861 5
8905 4
6772 9
1581 2
3142 4
8264 9
7665 9
4724 9
3922 4
9167 0
3724 9
5169 8
8800 6
420 7
6516 4
2689 6
5435 6
7755 9
9039 4
8772 3
4162 5
7551 2
89 9
9734 2
5327 4
9004 2
8637 1
4904 4
139 0
6171 0
9192 3
6051 8
2285 2
3995 1
1587 4
656 9
5323 5
6097 7
1551 2
8687 8
6581 7
2572 1
5598 0
7448 3
1548 2
9680 8
7944 8
4470 0
9804 9
568 7
5909 8
1114 0
4291 9
6873 3
5660 7
3205 7
1440 7
3873 1
1107 4
2938 1
4727 0
9662 8
5222 1
1859 7
1033 5
8061 2
1747 0
2985 8
6602 2
7275 6
3616 4
8015 4
9791 1
7469 0
4441 2
9373 5
6075 8
3183 5
8858 2
5200 2
7339 9
2100 0
8973 0
6076 0
4291 5
4871 8
7206 6
8176 0
2303 5
8796 3
4274 1
2564 8
6241 2
6460 2
7590 7
9199 4
6947 4
9057 3
2214 7
5536 9
5779 6
6375 8
8121 0
8113 9
597 2
3286 3
3727 1
8270 6
7301 4
3802 6
4207 3
3073 6
6614 0
2010 2
7480 4
8197 4
9613 9
7585 7
4815 3
9914 5
4625 6
2375 4
4108 5
350 5
6457 2
6446 8
4167 9
4915 2
3730 9
2012 7
8404 5
2055 6
4573 8
4091 4
4248 0
1332 3
4146 7
1607 7
727 8
2787 1
444 6
6019 4
7978 0
164 0
4757 4
3738 5
1924 2
7419 8
4868 6
246 5
1400 6
864 5
1577 3
4004 6
7695 7
1947 5
6690 0
6883 1
9615 7
8190 4
8789 3
9294 9
7061 5
1440 1
556 2
2413 4
8006 7
9719 4
6032 0
2994 4
6039 3
2615 7
2961 8
8645 1
5702 5
9371 7
8013 5
6363 7
7000 1
8592 5
1641 2
5634 5
5219 7
7469 9
1170 2
5474 9
4488 3
8486 4
1165 2
6376 8
7348 0
5856 4
3244 5
6508 2
1269 2
7145 4
1769 7
3255 3
8337 7
1905 5
791 9
9862 2
437 0
2896 4
7229 1
6453 4
5148 9
8232 1
6587 0
1833 0
916 5
7786 9
5589 0
7482 7
38 4
6478 3
264 0
8008 7
543 2
4206 3
2130 1
5058 9
5646 2
9357 1
9178 2
7006 7
5703 1
4619 5
1801 0
7375 9
2635 5
4680 2
5067 2
4564 4
1783 0
690 3
6783 8
8060 9
121 8
3422 3
1609 5
7897 8
7883 9
7924 8
6220 2
5958 9
5514 4
490 6
7107 2
4653 2
7750 5
193 8
1330 3
562 6
3651 5
5489 3
7370 4
7858 7
7920 6
4453 5
4900 6
8086 9
4513 0
8181 2
8216 1
2019 7
3411 0
5522 6
5312 9
6686 4
8569 0
4898 0
6907 2
2378 1
6876 3
8388 0
8265 8
7919 1
6962 0
4191 0
5128 8
8778 1
3472 8
324 6
8578 1
1815 8
9975 9
7364 3
1114 7
2476 2
8560 6
5169 4
3360 1
9133 4
2680 3
9595 4
4999 6
9443 0
2148 2
7255 8
1897 5
2832 5
1546 9
468 8
1353 3
622 9
8331 1
1829 8
3344 3
8540 1
8953 5
4088 4
1704 7
3729 3
435 7
1822 8
102 3
393 2
3936 9
3308 3
1106 0
3339 8
3162 9
6171 3
4465 1
6709 8
4455 5
9864 6
1520 8
3871 4
5928 6
7949 4
2125 2
9501 4
1506 8
4421 3
615 4
791 8
2292 5
1630 1
1138 0
9213 9
599 3
3660 4
3790 4
1430 5
5719 9
7770 4
2798 9
6606 0
489 1
1593 5
6662 2
7608 9
4565 1
3973 6
6407 2
3096 5
7572 8
3444 8
8843 4
884 7
7447 8
8031 1
7068 6
5407 2
8747 0
1223 9
9036 3
2687 7
5988 4
178 2
152 5
9489 3
5975 2
6745 4
5850 8
1812 5
611 4
8139 8
4925 6
2546 8
6250 0
7416 5
935 3
6261 3
5911 5
2538 4
4578 8
7225 2
9032 4
5564 4
9725 1
7145 0
9159 5
9028 4
5485 4
2714 9
1498 2
5879 9
7847 4
2625 2
6209 2
8286 0
5541 7
1153 1
6986 5
9104 0
502 7
8365 5
3830 6
6274 5
4425 1
8459 1
3088 2
3299 2
2871 8
4334 4
1844 3
8386 6
2920 7
5125 2
4337 7
7834 9
5441 2
9417 3
3717 0
5343 1
7779 7
8094 4
4339 6
6957 2
3713 8
8986 8
1621 4
8609 7
9561 1
2122 6
1622 4
1106 7
3603 8
5921 0
3198 9
8775 2
2706 3
7198 4
4948 3
2587 5
140 2
8431 5
8181 8
7906 1
3648 1
3986 2
8713 8
9474 3
6074 0
1166 5
1001 6
9724 3
9881 6
6228 8
6926 3
2508 5
8851 6
6590 9
5695 5
9071 4
1022 4
7179 1
5763 6
3319 4
3760 3
8588 4
2450 7
4995 4
2475 4
5795 1
2670 9
4388 9
9451 8
3425 2
2020 0
7954 0
1767 6
4386 6
8947 8
8197 3
3632 2
4624 3
5356 8
3494 1
1128 2
6945 1
9629 7
2033 1
216 7
1785 7
3071 0
2074 3
5591 7
2341 5
2791 8
5063 3
6271 2
7595 0
4897 1
4345 1
4545 1
1461 9
3107 6
1017 3
4428 2
6178 1
6700 0
313 2
58 0
7786 7
6056 7
8882 2
7515 2
4952 7
246 1
6602 9
3131 0
3177 1
9267 2
599 8
6923 8
1558 9
2420 3
7285 5
2097 4
478 3
3221 6
4994 7
2868 8
1925 0
1776 3
3677 2
6282 6
8337 5
7296 8
3634 7
317 8
491 7
5947 8
108 3
5671 9
5120 5
1018 2
5985 6
5737 6
8449 0
708 0
7084 3
4738 8
3622 5
5254 1
8498 3
1058 3
3661 4
6437 7
1090 3
8823 8
4476 2
8676 8
1914 3
984 2
229 1
543 3
6716 9
1840 7
2900 7
5354 4
8667 4
656 2
4494 7
8960 1
9763 8
5047 4
1511 2
5972 4
4448 6
6711 9
4464 3
1087 7
2560 7
6335 3
2455 9
4453 3
8535 4
9333 0
1964 6
3630 3
4697 9
2371 1
6110 5
1786 4
3893 7
2916 6
609 5
194 5
3265 3
9455 6
1628 5
9233 0
3929 1
6021 7
3370 5
2499 7
2982 2
5264 5
747 9
1229 6
5971 2
9899 5
6154 8
3158 3
3971 3
6855 8
7202 6
2320 9
60 1
7916 4
9960 4
639 8
4876 5
3303 7
126 5
4801 4
2085 2
762 9
5266 4
4535 5
8119 2
3374 9
8993 3
585 6
442 5
5109 9
1324 6
6615 1
1685 1
201 1
4862 5
3018 8
8983 2
6562 4
6132 3
4264 5
7143 2
6711 7
1065 1
9048 1
4541 7
7403 4
9913 5
2700 5
6262 9
7617 3
3953 3
899 2
9857 4
601 6
7286 6
9953 7
1469 9
1922 9
9684 9
465 0
2807 9
6484 7
7906 8
9032 3
131 0
8060 6
5398 0
1950 3
1254 3
7224 6
453 2
3738 8
7260 9
2923 0
3811 3
6001 6
8764 6
602 4
7022 3
4899 1
5393 7
6030 6
8199 3
2026 0
7254 8
7914 5
2306 3
176 9
5435 8
385 7
5700 8
9436 6
4872 1
8136 8
252 7
6611 8
9003 5
1243 3
6855 7
81 4
7951 2
3453 5
5615 0
4425 4
6810 0
9340 8
2867 6
5531 7
7913 9
1539 6
4914 3
362 0
1675 9
6777 6
2582 7
3064 8
8122 6
9974 3
4869 3
984 4
6902 3
1600 9
7829 7
5133 2
459 4
5186 7
5786 3
9292 4
1946 3
3848 5
3442 8
2354 9
7616 1
696 6
6994 2
2199 4
8445 6
9966 1
2014 0
2251 3
4779 4
5854 8
1888 5
2322 4
6881 5
1445 1
64 5
1210 8
844 1
1952 6
7095 8
5036 8
1973 1
8977 8
3242 7
2322 1
1119 9
921 8
2255 3
7846 1
8907 5
9808 1
694 0
3936 3
5676 1
871 0
8838 5
6786 6
9707 7
6434 0
6661 3
1670 9
3315 0
380 0
4360 2
6535 6
4018 9
7689 1
8632 3
7623 1
7248 5
3222 2
6705 2
2314 5
3178 4
8987 4
7509 7
5314 5
4112 0
8040 0
320 3
8802 3
4638 3
6130 8
7962 5
7703 6
9909 5
3452 0
200 9
2597 1
7975 4
6919 9
3524 1
9388 6
4661 2
7198 8
5638 7
952 3
7009 0
7427 2
6041 3
7502 7
6879 2
4809 2
3690 4
5285 4
7905 6
2427 5
6916 9
9638 2
4582 9
4201 5
8274 9
388 2
4208 0
3837 0
2174 9
5100 4
7410 9
2896 0
7005 7
3183 0
6918 2
222 8
4792 5
6493 7
420 4
8150 6
9249 1
9428 7
2571 2
8138 3
628 5
2335 8
1797 7
7994 7
6130 9
5815 7
6072 4
8838 5
9352 1
7897 8
3546 5
9719 7
1712 8
5273 5
9784 5
7990 4
8900 9
9566 1
354 2
6943 6
7550 8
1851 1
8788 0
712 5
2905 3
7949 0
4220 9
101 4
5423 4
6329 3
2629 2
7915 0
1083 0
8639 6
4438 7
5230 7
4703 1
1110 4
4002 8
8778 1
7602 0
2760 5
7641 7
665 9
9431 4
6348 5
5849 3
4257 5
876 1
260 7
1969 4
804 5
8612 0
6220 3
8365 5
770 7
5986 5
5879 2
9568 1
2896 4
263 9
7105 9
715 9
1322 1
6750 5
3878 2
8113 0
9131 3
9224 6
7328 6
845 7
1057 4
4023 9
9599 0
7580 1
5651 8
8416 6
7595 2
7066 1
5123 8
9453 4
6460 2
1468 8
8933 5
6094 2
3374 2
4644 6
3170 2
8156 3
5619 1
43 0
3660 5
237 4
4271 1
3322 6
6362 8
1796 8
7409 5
992 8
2617 5
367 4
4526 5
8282 3
4256 2
3072 4
4596 4
5539 3
8924 8
1317 1
2239 6
3809 7
1745 9
6086 5
852 6
8621 7
1816 9
403 9
1047 5
6173 8
6809 7
719 1
8796 8
1781 2
2524 8
9433 8
4548 9
6340 6
2133 3
2786 4
9043 2
2150 7
3763 5
2969 5
3641 5
2661 3
2578 2
4557 5
5771 1
8265 3
7934 3
2785 2
6851 9
2754 2
3234 4
7543 7
2725 1
9483 3
5082 2
8121 3
5565 6
8674 6
5425 6
6076 1
5066 1
353 0
5037 9
6873 5
187 9
1118 3
3015 0
1785 9
8317 4
688 1
3303 0
9921 3
3800 5
7643 1
5094 6
7338 0
3887 0
7124 1
3923 7
2706 3
4490 4
3649 5
1629 4
12 4
4975 9
8342 0
5331 4
8456 4
1412 7
6407 9
1932 5
178 4
2045 0
9908 2
3652 9
5439 0
2210 7
6723 9
7070 4
1392 9
5225 2
6198 5
7778 6
5498 9
2536 2
486 6
925 2
1215 8
4031 9
3652 1
4414 7
1134 5
3870 7
8296 7
8137 9
7273 7
5938 6
4572 9
9499 4
6283 5
4787 0
9483 0
9397 8
59 9
6323 7
5060 7
571 0
5061 7
1721 1
1912 0
8532 7
887 3
5504 3
653 3
8333 2
9290 9
3301 8
6553 3
8504 0
5690 5
7298 8
1468 0
4302 9
6615 5
1869 7
7353 8
2481 5
6679 7
9996 6
5367 6
8192 6
969 4
8640 5
4182 2
3495 1
8728 1
5416 6
3120 9
6236 0
8868 5
6680 4
2124 0
4784 0
7154 7
1757 9
3532 2
4892 9
6829 1
8023 7
1563 8
5606 4
2391 0
8607 5
2973 5
2742 7
844 9
7441 9
9417 3
3941 9
9398 7
8267 6
376 4
7998 6
6567 5
59 1
1515 8
9116 9
107 2
2373 1
2388 8
7924 1
4695 4
8626 4
4750 5
172 3
7291 8
7884 3
610 8
4105 8
2338 2
9324 7
5532 0
5624 1
198 7
9544 7
1054 2
7583 0
9815 6
2047 5
5396 3
1784 1
5653 6
4594 3
1067 5
9378 1
8091 4
9447 0
9564 0
6028 3
8990 6
4018 7
5692 2
2347 5
467 7
4005 3
6814 8
2970 8
287 7
1493 8
6259 2
823 4
8071 8
9126 7
2705 7
943 9
676 8
6766 8
9761 4
5634 2
4308 9
2996 3
1289 5
4428 9
1034 0
28 1
9283 7
7580 6
5912 9
9226 7
3824 5
2432 3
6432 4
3227 8
1579 4
8793 5
2361 8
4566 6
9163 7
3613 2
3872 9
6013 1
7239 9
9753 3
625 9
2746 0
5256 8
8876 9
7023 9
7257 6
2247 5
8165 6
2096 4
9205 0
2585 0
7664 8
5501 6
3519 4
9284 0
5958 7
5212 9
7982 1
1563 8
545 4
9913 5
9777 9
9872 7
349 8
1215 9
9715 3
169 9
938 9
2271 3
5143 8
4723 4
9723 6
3838 0
